9
9
13
5
36
34
37
34
32
82
91
90
89
93
81
93
90
82
35
27
37
41
41
37
35
36
81
87
94
95
82
96
94
91
89
90
26
25
31
43
35
11
8
9
20
14
53
49
61
56
60
63
66
74
69
68
31
32
26
29
36
11
16
14
14
14
64
66
73
69
66
97
103
92
94
99
7
5
8
4
31
31
35
31
30
73
82
81
80
84
76
88
86
77
33
17
32
32
35
32
33
27
72
78
90
86
73
91
89
86
85
85
19
22
31
38
31
2
5
2
11
5
44
44
57
51
54
58
62
70
64
64
24
29
19
26
25
2
9
5
4
5
59
62
68
64
62
93
98
87
90
94
11
13
20
10
42
39
42
39
32
82
93
90
89
93
85
97
94
86
38
32
42
41
41
40
40
36
81
87
101
95
82
100
98
95
93
94
24
30
35
45
41
13
15
7
20
14
55
53
65
60
63
67
71
79
73
72
33
34
28
31
34
15
18
19
14
18
68
73
77
73
72
101
107
96
100
103
3
6
2
1
13
24
27
25
16
75
84
83
82
86
68
83
80
72
38
23
29
35
21
24
25
27
75
76
84
89
76
87
84
81
79
80
20
12
16
33
22
4
1
5
6
7
46
39
51
46
54
56
56
64
61
58
23
25
19
22
24
1
10
11
8
7
54
57
63
59
56
87
93
82
84
89
2
5
5
5
33
31
35
29
26
84
93
92
91
95
76
88
85
77
41
22
32
43
32
35
35
38
83
89
90
97
84
91
89
87
88
87
7
17
26
38
27
13
10
7
22
16
55
44
56
51
62
65
61
69
70
64
23
18
12
15
22
11
14
16
14
14
62
66
68
64
61
92
98
87
91
94
31
38
28
18
29
10
14
11
6
91
98
95
94
98
75
87
90
80
56
42
37
22
14
9
13
16
86
92
97
100
87
90
88
90
92
91
27
30
21
21
18
32
32
29
29
29
51
51
60
53
61
69
64
71
73
70
38
39
31
36
37
33
37
34
31
34
65
71
68
66
64
93
97
89
96
93
30
33
31
25
30
2
4
1
5
77
86
85
84
88
70
77
78
70
57
43
28
11
8
7
8
6
76
78
83
95
80
81
79
80
81
80
28
31
25
25
19
22
29
24
19
20
42
37
48
50
55
58
54
61
63
57
42
39
37
36
41
27
27
25
22
25
55
59
58
56
54
81
87
81
84
83
26
30
27
30
26
5
5
3
5
82
91
90
89
93
71
82
83
75
61
45
36
8
5
6
3
5
83
83
88
97
84
83
84
85
86
85
31
36
30
21
24
21
25
27
15
19
28
42
53
50
54
63
59
66
68
62
44
42
37
39
42
24
27
28
21
23
62
64
63
61
59
81
83
86
89
85
65
67
64
62
63
44
21
46
21
119
128
127
126
130
108
119
120
112
86
75
72
53
50
49
49
48
118
120
125
132
119
121
121
122
123
122
68
71
65
57
59
64
63
66
61
62
74
79
90
85
89
100
96
103
105
99
79
77
72
73
76
63
66
66
63
67
97
101
100
98
96
118
119
123
126
122
34
36
26
31
23
13
14
15
1
91
100
99
98
102
79
90
94
84
60
50
42
24
11
8
12
11
90
96
99
104
91
92
92
94
96
95
37
39
36
31
30
32
34
30
30
33
47
55
62
57
61
73
68
75
77
71
51
46
44
42
48
32
33
35
32
33
69
71
72
70
68
94
98
93
98
94
72
76
73
73
72
71
70
76
76
71
7
13
15
4
29
31
30
19
102
94
97
66
74
72
61
64
21
36
28
7
33
30
28
25
23
24
82
89
92
92
84
64
67
60
61
62
39
51
30
30
41
22
22
29
28
27
87
88
84
79
84
64
71
61
63
70
35
39
32
28
27
27
31
31
28
27
70
72
70
86
81
82
81
83
76
76
9
6
8
4
22
25
23
17
103
90
106
73
89
78
73
67
32
26
18
12
21
23
22
18
23
21
82
98
88
85
84
60
69
74
70
71
48
63
39
42
50
23
31
34
31
28
101
97
80
82
86
78
81
75
72
63
42
45
35
33
31
27
24
24
28
20
83
83
84
84
84
87
81
81
85
87
22
11
4
6
16
19
17
19
119
101
104
78
90
76
72
70
43
44
37
23
39
19
15
16
10
20
93
100
103
101
95
76
79
72
72
73
50
62
42
41
52
38
38
30
35
35
103
95
92
95
96
81
82
78
70
79
45
48
42
40
37
18
28
21
15
23
80
83
80
84
79
81
79
81
80
84
20
11
1
4
1
13
18
2
114
101
104
79
87
76
69
65
43
41
35
18
36
16
17
12
17
16
89
96
99
96
95
71
80
73
69
69
47
58
42
38
48
34
33
26
26
27
100
95
91
91
96
76
78
73
70
74
41
44
37
33
36
19
23
12
20
19
81
85
82
87
82
82
82
80
83
82
16
10
1
2
19
19
21
13
113
100
107
77
85
75
70
68
44
39
31
20
33
18
16
18
20
15
91
95
101
95
98
74
78
71
70
71
48
60
41
39
51
36
38
34
34
38
101
98
94
94
98
75
80
76
69
77
43
46
41
39
36
21
25
20
22
24
78
82
79
84
80
82
78
80
79
82
44
36
26
24
28
11
16
8
113
100
103
77
85
75
67
64
54
50
57
49
46
13
16
17
19
19
88
95
98
95
95
72
78
71
67
68
45
57
41
36
48
35
32
18
18
24
98
94
91
90
95
75
77
74
69
75
40
43
33
30
31
42
45
41
42
46
77
81
78
82
77
79
77
79
78
81
37
28
8
17
21
4
3
5
112
99
102
78
85
74
68
63
52
47
46
37
42
4
2
4
8
4
89
94
97
94
93
69
78
70
66
67
46
56
40
37
46
32
28
22
17
25
97
93
89
89
94
74
76
71
68
72
40
42
32
29
31
32
40
30
34
37
80
84
77
82
82
80
79
78
77
80
40
32
14
18
24
4
7
4
115
98
105
75
87
75
69
66
55
47
48
37
47
10
9
11
13
14
86
93
100
99
97
74
76
69
65
66
47
59
43
38
50
35
33
20
16
25
96
96
88
88
97
77
75
70
67
71
38
45
35
31
33
28
38
33
31
36
84
85
85
89
84
85
84
83
85
88
36
30
21
14
20
6
11
8
119
106
109
80
88
78
73
70
55
50
51
40
47
14
14
16
18
18
94
101
101
98
97
76
81
77
70
71
51
60
47
42
53
39
34
24
24
25
101
97
96
93
101
78
80
75
75
79
46
45
38
35
35
36
37
40
37
41
14
20
6
24
19
34
44
46
45
40
88
97
96
95
99
86
98
95
87
4
2
36
42
46
46
39
87
89
99
101
88
101
99
96
94
95
30
34
41
50
43
22
21
22
28
25
59
62
66
63
68
69
71
79
74
73
41
37
34
37
33
21
25
25
23
25
71
71
78
74
71
102
108
97
99
104
29
22
25
30
20
43
48
51
49
41
95
104
103
102
106
96
108
105
97
19
15
41
51
47
49
46
96
98
109
110
97
112
109
106
104
105
42
40
46
56
52
28
32
27
34
32
66
64
76
71
75
78
81
89
84
83
42
39
41
44
26
27
31
30
30
30
79
81
88
84
81
112
118
107
109
114
27
27
22
18
25
29
26
28
26
22
93
102
101
100
104
84
96
94
86
16
5
33
19
9
23
26
93
94
99
107
94
99
97
96
97
96
38
42
48
46
41
29
35
29
37
29
53
59
64
60
67
74
70
77
79
73
47
43
38
40
36
29
37
32
31
32
72
75
76
72
70
100
106
96
100
102
30
33
30
34
29
15
8
10
13
13
83
91
90
89
93
73
83
84
75
64
49
45
16
11
9
5
79
87
89
96
82
86
84
85
87
86
36
42
36
33
34
25
29
28
18
19
41
49
54
49
46
58
59
67
67
63
47
47
40
43
46
27
28
31
22
27
58
56
63
60
59
87
93
84
89
89
29
34
29
14
27
11
6
6
7
3
88
94
91
90
94
71
82
86
76
52
42
31
17
6
4
7
82
88
89
96
83
84
84
86
88
87
35
37
31
22
22
24
31
30
25
25
43
49
56
49
57
65
60
67
69
66
43
44
38
41
44
29
30
30
23
27
61
67
64
62
60
84
89
85
90
86
32
40
33
35
35
22
20
19
22
7
88
97
96
95
99
80
91
89
81
65
50
34
16
17
3
6
87
93
94
101
88
94
93
91
92
91
40
47
42
39
37
37
36
41
34
35
46
57
59
55
62
68
65
72
74
68
50
48
42
45
47
36
39
39
36
40
66
66
71
67
65
95
101
91
95
97
40
42
39
38
38
21
17
16
19
17
91
100
99
98
102
79
90
92
84
69
53
45
13
22
8
9
90
96
97
104
91
92
92
94
96
94
44
50
42
42
40
34
38
44
31
35
43
54
62
57
59
71
68
75
77
71
56
53
49
49
53
38
41
36
33
37
69
69
72
70
68
93
98
93
98
94
32
34
31
31
31
15
11
10
12
8
82
91
90
89
93
71
82
83
75
59
44
42
15
15
8
5
81
83
88
95
84
85
84
85
86
85
37
40
36
36
34
22
31
26
19
14
36
44
53
48
50
62
59
66
68
62
51
46
42
42
47
27
30
24
21
25
61
60
63
61
59
85
91
86
89
87
59
63
63
64
59
66
63
65
64
66
12
27
33
33
28
23
34
38
28
94
84
84
61
69
56
51
47
2
18
25
12
36
36
38
40
39
69
79
82
76
76
51
62
52
51
52
29
41
16
20
28
14
12
25
25
19
82
75
74
71
79
56
58
53
50
54
25
29
24
20
19
36
41
37
44
38
105
109
106
110
105
109
105
107
108
112
68
75
66
70
65
58
69
73
63
142
129
130
104
112
102
97
91
49
41
73
43
71
71
73
75
74
115
122
125
124
121
97
108
98
94
97
75
84
65
66
76
62
61
62
64
63
128
123
117
117
125
104
104
99
98
102
68
70
70
57
62
80
79
81
86
82
70
68
71
69
64
74
71
67
66
68
22
9
15
15
10
22
29
31
26
105
92
95
69
77
68
59
55
14
4
7
6
29
29
27
33
28
80
81
84
88
80
56
70
63
59
54
37
43
30
28
40
26
14
24
23
17
84
80
76
83
87
61
63
65
55
66
33
33
23
21
22
34
33
33
35
31
84
84
81
86
81
84
84
83
82
84
15
13
10
8
9
26
29
27
22
116
106
109
83
87
78
73
69
30
32
21
27
27
26
22
25
24
90
97
104
101
97
73
80
73
73
70
51
63
43
42
53
35
34
40
35
34
104
96
92
93
101
77
83
78
75
75
48
51
42
38
38
35
34
29
33
30
65
67
66
70
65
66
65
67
64
72
29
37
35
34
32
26
37
41
31
98
85
88
66
73
60
57
51
13
5
19
37
39
45
42
40
41
75
82
83
80
81
57
64
58
54
55
32
46
28
26
34
10
24
29
19
7
85
81
75
77
80
62
63
57
54
60
26
29
28
26
23
48
52
43
45
48
81
85
74
78
81
82
78
77
82
77
38
29
20
18
23
3
4
5
10
116
103
100
73
82
73
70
65
24
46
46
37
44
3
4
4
5
91
98
101
98
89
65
73
67
70
63
48
52
39
39
50
36
31
13
21
27
93
97
93
85
98
78
72
75
72
68
43
39
35
33
32
35
41
34
38
38
77
84
81
83
82
84
80
79
83
81
36
27
19
16
21
5
3
13
13
115
99
102
76
87
79
69
66
54
47
44
37
44
4
2
3
4
87
94
97
99
94
74
77
73
69
70
47
59
40
38
49
37
32
23
23
26
97
93
89
92
97
77
79
76
71
77
42
45
34
32
31
34
39
33
36
38
87
87
88
89
83
87
86
85
90
91
35
27
16
14
19
12
14
11
15
118
105
108
82
94
81
76
73
55
51
42
39
48
10
9
7
1
97
100
107
100
100
81
87
80
76
77
54
66
46
45
56
44
39
30
29
33
107
103
99
99
100
84
86
79
74
78
49
52
41
39
38
34
37
37
34
36
80
84
81
90
86
84
83
82
81
88
32
23
9
12
14
6
8
10
12
115
102
109
83
87
83
73
72
50
52
47
34
47
7
6
2
1
94
101
100
97
101
72
80
77
73
70
51
59
43
42
53
41
36
24
25
30
104
96
92
92
97
81
83
80
75
81
46
49
38
36
35
31
35
33
32
34
90
94
91
95
90
91
90
88
91
90
45
36
28
25
29
17
13
14
11
125
108
111
91
94
87
79
74
58
60
53
43
55
17
15
11
6
102
107
110
103
102
78
91
81
79
80
57
69
49
48
59
45
40
30
30
36
110
106
98
102
103
83
90
84
81
85
53
51
44
42
41
44
43
43
45
47
11
15
10
14
5
26
33
36
27
27
83
92
91
90
94
81
93
90
82
46
32
43
36
37
32
34
30
83
84
94
97
84
96
95
91
89
90
12
19
28
16
11
9
4
20
16
54
49
61
56
59
64
66
74
69
68
13
9
6
5
10
10
11
18
15
15
64
66
73
69
66
97
103
92
94
99
14
16
15
9
12
22
32
35
27
28
87
96
94
93
97
80
92
89
81
48
30
37
41
34
33
33
37
85
91
93
99
86
95
93
90
91
90
9
14
27
25
14
12
13
20
19
58
48
60
55
64
68
65
73
72
67
16
12
7
9
17
13
14
24
18
16
64
69
72
68
65
96
102
91
94
98
17
20
7
14
15
17
19
31
20
23
80
89
88
87
91
77
92
93
85
47
33
33
29
27
26
26
28
84
86
97
98
85
95
93
94
92
93
6
6
17
7
18
11
14
20
21
53
46
59
53
64
66
63
77
70
71
17
18
13
15
19
15
17
26
17
20
64
68
67
64
63
100
106
91
97
102
27
29
24
28
24
13
23
22
8
23
82
91
90
89
93
83
95
92
84
59
46
48
31
17
24
25
27
81
85
96
95
82
99
96
93
91
92
20
30
14
12
15
25
28
32
33
53
42
63
59
64
65
68
76
75
70
31
32
27
29
33
26
29
29
30
32
67
67
73
68
68
99
105
95
96
101
19
22
17
21
22
22
8
14
6
11
73
82
81
80
84
70
85
82
74
54
41
39
25
8
12
15
15
72
78
86
86
73
88
86
83
81
82
7
19
6
11
19
17
20
20
23
50
33
52
46
43
55
59
66
64
60
23
25
19
22
24
18
24
25
22
22
54
55
60
57
57
89
95
84
86
91
10
12
9
14
18
30
36
37
30
31
77
84
81
80
84
75
87
84
76
45
30
42
32
35
35
32
27
72
78
88
86
73
90
88
85
83
84
21
26
37
33
36
8
1
10
5
46
43
55
50
53
57
61
69
63
62
28
29
21
26
27
8
7
10
1
6
58
63
67
63
62
93
97
86
90
93
2
4
3
5
7
28
28
32
27
31
75
84
82
81
85
73
85
82
74
36
32
36
33
33
29
30
28
73
79
86
87
74
88
86
83
81
82
19
23
33
39
30
2
3
8
6
46
41
53
48
52
56
58
66
61
60
29
24
18
21
27
1
8
4
6
4
56
58
65
61
58
89
95
84
86
91
7
11
8
13
7
36
35
39
35
33
80
89
88
87
91
81
93
90
82
44
29
42
39
38
37
37
34
79
85
94
93
80
96
94
91
89
90
17
25
33
41
35
7
8
17
12
51
49
61
56
59
63
66
74
69
68
27
27
21
24
27
4
7
16
7
11
64
66
73
69
66
97
103
92
94
99
12
15
13
17
18
28
24
23
22
26
69
78
77
76
80
62
77
74
66
47
33
44
10
28
21
19
13
72
70
78
86
72
80
79
75
73
74
23
28
40
41
37
3
11
10
1
32
33
45
40
43
50
50
58
55
52
31
29
23
26
28
8
10
5
2
6
51
51
57
53
50
81
87
76
78
83
12
13
12
15
15
28
33
32
31
30
68
77
76
75
79
73
85
82
74
45
32
45
13
36
33
31
22
69
73
86
81
71
89
87
83
81
82
24
26
36
44
36
2
9
12
8
40
28
53
49
49
55
58
66
61
60
30
27
22
24
28
8
7
9
2
4
57
58
65
61
58
89
95
85
86
91
35
37
35
38
38
41
39
38
40
37
41
50
49
48
52
33
45
42
34
68
55
64
34
44
30
22
19
41
47
53
55
42
48
47
44
45
44
46
50
53
53
50
25
34
33
22
23
12
13
8
15
15
18
26
27
21
53
50
45
47
51
30
32
32
25
28
20
25
25
21
21
49
55
44
48
51
35
37
34
38
33
37
35
37
36
42
40
51
48
47
51
40
52
49
41
68
55
58
27
43
38
33
19
39
45
57
53
40
55
53
50
48
49
43
46
42
34
36
25
34
33
22
12
11
13
6
24
22
24
34
28
27
46
47
41
44
47
28
27
27
19
28
23
29
32
28
25
56
62
51
53
58
58
62
59
63
58
54
51
55
58
56
34
43
42
41
45
31
43
40
32
93
80
79
47
58
55
47
44
18
43
48
52
38
47
44
41
39
40
67
72
66
71
60
50
58
51
47
48
25
25
8
11
13
11
24
20
18
78
74
70
70
75
55
49
52
43
53
15
19
21
19
17
47
53
42
44
49
46
48
45
49
44
45
42
44
43
49
34
43
42
41
45
27
45
42
34
79
66
69
44
50
41
37
30
16
35
40
47
34
48
46
43
41
42
54
61
64
61
60
36
45
37
33
34
11
7
5
12
15
11
24
20
17
64
60
56
56
61
41
43
38
35
39
12
18
23
17
11
49
55
44
46
51
47
51
48
53
47
44
40
42
41
48
36
45
44
43
47
28
42
39
31
82
69
68
32
48
43
36
16
36
41
43
50
36
45
43
40
40
39
56
61
55
63
24
39
47
40
36
15
14
14
9
3
12
13
23
20
17
67
63
60
59
64
44
37
41
33
45
12
10
18
15
13
46
52
41
43
48
45
49
46
51
45
49
48
49
49
49
11
23
29
32
27
18
30
27
19
80
67
70
44
52
45
34
40
13
20
34
35
15
34
32
28
29
28
55
62
65
65
62
37
45
38
34
35
12
24
8
3
14
4
11
13
5
65
61
58
57
62
42
44
39
36
43
1
3
10
6
6
36
40
29
36
36
50
54
51
55
50
52
50
52
51
54
11
34
31
30
34
16
27
29
21
85
72
75
49
57
47
39
36
33
28
34
44
23
30
30
33
31
32
60
67
70
67
66
42
50
43
39
40
17
29
8
8
19
5
7
9
3
70
66
62
62
67
47
49
44
41
45
13
16
4
2
2
41
45
34
36
41
62
65
61
65
60
63
60
63
61
64
38
43
33
32
36
12
29
26
9
96
83
86
61
69
58
54
47
35
30
46
50
30
14
32
33
33
34
70
78
81
78
76
53
61
53
49
50
30
44
23
23
30
15
17
7
5
81
77
72
73
77
57
60
55
51
55
24
25
19
11
18
49
55
44
46
51
62
67
61
68
60
65
63
62
61
64
33
38
31
31
32
7
23
20
12
98
85
85
64
71
57
56
47
18
30
40
44
23
26
25
28
29
28
70
80
83
77
79
55
64
53
50
53
30
39
26
25
32
18
10
10
6
83
76
72
75
77
57
60
54
51
55
22
26
19
12
11
45
49
38
42
45
57
61
58
62
57
61
60
61
61
61
29
38
28
28
31
9
24
21
13
91
79
81
55
64
53
46
47
15
26
38
45
20
27
27
29
29
30
67
73
77
77
73
48
57
50
45
47
24
35
20
15
27
12
6
7
1
77
73
69
68
73
53
55
50
48
54
20
20
10
6
9
45
50
39
43
46
27
26
23
24
24
36
41
44
38
40
88
97
95
94
98
94
106
103
95
50
43
47
48
38
43
43
43
89
92
107
100
91
109
107
104
102
104
14
26
14
40
38
24
25
18
30
29
61
62
75
69
72
76
80
87
82
81
5
7
13
18
24
24
26
24
27
77
79
86
82
79
111
116
105
107
112
19
24
20
22
13
34
41
44
35
35
88
97
96
95
99
90
102
98
90
45
40
42
44
42
40
42
39
87
93
102
101
89
104
102
99
97
98
8
20
30
35
33
20
19
17
26
23
59
57
69
65
67
71
74
82
77
76
4
8
13
12
16
19
25
20
21
72
74
81
77
74
105
111
101
102
107
16
18
17
14
5
32
34
37
30
33
80
89
88
87
91
77
93
90
82
51
35
37
40
31
37
36
35
80
83
94
94
81
96
94
91
89
90
7
5
26
22
25
13
14
9
18
17
51
49
61
56
59
63
66
74
69
68
5
6
3
10
12
5
17
14
15
64
66
73
69
66
97
103
92
94
99
25
27
24
24
19
34
39
42
36
41
87
96
94
98
97
87
99
96
93
55
38
47
50
42
42
42
40
87
91
100
99
89
107
100
102
100
101
14
26
16
45
31
24
23
18
27
24
59
55
67
67
70
73
78
86
80
79
11
10
6
3
22
20
29
22
27
75
77
84
80
72
103
114
98
100
110
30
32
28
30
24
43
50
50
46
47
93
102
100
99
103
97
109
106
98
57
29
53
51
47
50
48
46
92
97
110
105
94
112
110
107
105
106
23
33
39
47
45
29
29
25
33
33
64
65
77
72
75
79
83
91
85
84
17
12
16
14
20
17
32
28
26
80
82
89
85
82
113
119
108
110
115
15
13
10
12
15
33
35
39
32
34
78
87
86
85
89
78
90
87
79
46
35
44
38
38
34
37
33
78
84
91
92
79
93
92
88
86
87
24
25
36
42
38
9
8
8
13
10
49
46
58
53
57
60
63
71
66
65
33
30
26
26
30
3
12
9
6
61
63
70
66
63
94
100
89
91
96
15
17
14
18
15
33
36
40
32
34
75
84
83
82
86
78
90
87
79
48
35
45
35
38
35
35
29
75
80
91
89
76
93
92
88
86
87
21
26
33
40
37
7
14
6
14
7
46
47
58
54
57
60
63
71
66
65
34
29
14
25
27
1
12
8
4
62
63
70
66
63
94
100
89
91
96
18
20
19
21
24
33
40
39
37
36
80
86
83
82
86
76
88
85
77
53
37
50
34
41
37
34
29
74
80
89
88
75
91
89
86
84
85
29
32
41
48
44
7
16
16
11
7
48
44
56
51
54
58
62
70
64
63
35
33
28
29
32
13
13
5
8
59
64
68
64
61
94
98
87
89
94
19
21
19
22
22
36
41
40
38
37
77
87
84
83
87
81
93
90
82
54
40
51
35
42
38
35
30
76
81
97
89
78
96
94
91
89
90
29
35
41
44
43
11
18
14
16
8
49
49
61
56
59
63
67
75
69
71
38
35
31
31
35
14
8
12
10
64
69
73
69
68
99
103
92
96
99
14
16
14
16
17
29
37
36
33
32
72
83
80
79
83
74
86
83
75
49
33
46
31
37
34
31
26
71
77
87
85
72
89
87
84
82
83
25
28
37
40
38
3
12
10
9
4
45
42
54
49
52
56
60
68
62
61
34
27
23
23
31
4
4
11
2
57
62
66
62
61
92
96
85
87
92
51
55
52
57
52
60
56
58
57
55
35
37
39
38
41
21
36
32
25
87
73
77
53
63
49
45
40
19
36
40
47
31
39
37
34
35
34
61
68
72
69
69
44
51
44
41
41
25
31
10
7
21
7
12
17
12
12
71
68
64
64
68
49
50
46
43
47
4
14
5
2
41
46
35
38
42
49
51
48
52
47
55
53
55
54
58
34
35
37
36
40
17
31
30
22
82
69
72
45
61
45
46
37
40
37
41
45
32
34
33
32
33
32
57
64
68
64
62
39
48
42
40
43
22
33
8
15
13
2
10
15
10
9
67
63
59
59
64
44
47
41
38
42
1
10
3
4
36
42
31
33
38
54
58
55
63
54
59
58
56
59
58
27
28
34
33
32
17
31
30
22
93
80
83
53
61
55
48
42
39
34
38
40
29
34
33
36
35
36
69
71
74
75
74
50
59
52
44
44
26
33
20
17
27
13
4
15
11
9
78
70
66
66
76
51
53
52
45
49
17
17
3
6
18
26
26
26
22
57
61
56
63
58
59
55
60
59
59
30
32
34
33
36
15
30
29
19
92
79
80
56
64
55
46
42
36
31
35
44
26
33
32
35
36
37
67
72
77
75
71
47
57
50
46
45
24
34
8
15
27
10
7
12
7
6
75
73
68
67
74
52
54
52
49
50
14
14
4
3
43
50
39
43
46
57
61
58
62
57
60
58
60
59
64
33
39
41
40
44
22
37
34
26
92
79
82
56
66
54
49
43
42
38
44
49
36
40
40
40
38
39
67
74
77
74
73
49
58
50
49
47
27
39
20
16
24
12
10
16
14
13
77
73
69
69
74
54
56
51
48
52
11
14
12
7
40
41
41
43
48
85
87
84
88
83
88
83
85
84
93
36
27
16
15
22
34
34
36
35
118
105
111
87
94
80
78
72
56
53
50
43
52
33
31
31
33
28
93
103
103
103
102
78
87
79
73
76
55
66
49
47
55
20
44
40
39
42
103
102
98
98
103
80
83
77
74
81
46
46
29
45
39
1
3
12
10
151
155
152
156
151
152
151
153
146
155
92
83
76
72
77
73
84
82
74
173
173
176
150
152
148
140
137
113
106
102
96
105
86
86
87
90
85
161
154
158
150
167
143
151
137
136
141
118
130
114
109
120
106
101
91
91
99
154
155
149
163
155
135
135
137
130
132
107
109
102
102
103
18
56
61
52
97
101
98
103
98
100
97
99
98
101
40
31
22
19
21
38
41
39
34
132
119
122
96
104
94
87
83
63
60
52
41
54
39
38
34
36
35
108
115
117
114
113
90
97
90
86
87
65
76
61
56
67
53
49
52
51
50
118
113
109
109
115
94
96
91
88
93
60
60
53
49
49
14
15
20
10
96
100
101
105
96
101
97
98
101
105
42
33
21
22
27
39
39
38
40
131
118
125
100
108
93
90
84
64
64
57
44
59
38
36
37
40
35
106
117
120
117
112
88
97
89
90
86
68
75
63
59
69
55
51
53
52
49
120
112
112
108
113
93
95
94
91
91
59
59
42
52
53
20
21
16
5
96
100
100
101
99
100
99
101
97
100
41
32
29
20
25
44
44
45
45
134
118
121
95
103
96
88
83
63
61
56
44
56
43
41
41
38
37
109
116
116
113
115
91
96
89
85
86
66
78
62
57
68
54
50
56
50
49
119
112
108
108
113
96
98
93
90
91
61
59
51
50
50
13
4
4
9
