9
9
13
5
36
34
36
27
29
74
81
90
89
78
81
93
83
82
35
27
37
41
34
37
35
29
81
87
88
95
82
83
94
85
86
85
26
25
31
43
35
11
11
9
16
14
53
49
53
56
60
63
59
66
69
62
25
32
26
29
22
11
12
14
11
14
64
64
73
61
59
81
103
92
94
85
7
5
8
4
31
31
35
25
30
69
76
81
80
84
76
88
74
66
33
17
32
32
35
32
29
27
72
78
79
86
73
91
89
76
77
76
19
20
24
38
27
2
5
2
11
5
43
44
44
51
54
54
50
57
64
53
24
20
16
16
25
2
9
5
3
5
59
55
68
52
50
72
73
87
80
94
11
13
18
10
28
38
40
39
32
78
85
90
89
93
85
97
83
86
38
32
42
41
36
40
38
36
81
87
88
95
82
100
98
95
86
85
17
27
35
45
33
13
15
7
21
14
52
53
53
60
63
63
59
66
68
62
33
26
22
22
34
11
14
19
14
17
68
64
77
73
59
81
82
96
89
103
3
6
2
1
13
23
26
17
16
75
84
69
82
86
63
74
80
68
37
22
29
16
21
24
24
27
66
68
84
71
68
76
76
81
79
80
20
18
16
33
22
4
1
5
6
7
46
35
51
41
49
56
56
64
59
58
23
17
13
13
16
1
4
11
5
7
53
57
56
54
56
87
93
77
84
89
2
11
5
15
33
31
35
29
21
69
76
74
91
73
76
88
85
77
41
22
32
21
26
27
35
24
83
89
89
97
84
91
89
86
84
85
7
17
26
34
27
8
10
9
11
12
43
44
55
51
62
58
61
68
64
63
17
18
12
15
17
11
9
10
14
10
62
61
68
64
61
83
84
87
89
94
31
24
28
18
29
10
14
11
6
68
75
95
94
98
75
87
84
76
53
42
37
22
14
9
12
16
86
92
88
100
87
90
88
90
83
84
25
29
21
21
18
21
32
29
29
29
51
51
55
53
61
57
60
68
63
62
38
34
31
30
37
33
22
34
22
23
65
60
68
63
60
86
97
89
88
90
30
25
22
25
21
2
4
1
5
77
86
63
84
88
65
76
78
70
57
33
28
11
8
7
7
6
60
62
83
65
62
78
78
80
81
80
28
31
23
23
19
22
29
23
19
20
42
44
48
40
55
58
54
61
53
57
37
39
32
36
36
21
24
25
21
24
48
59
57
56
54
81
87
76
84
80
26
28
27
30
24
5
5
3
5
82
91
90
89
93
61
73
83
75
49
45
36
8
5
6
3
5
56
58
88
61
58
76
74
85
86
85
31
32
30
21
23
21
25
19
15
16
28
42
53
36
54
63
59
66
49
62
43
42
37
35
41
23
23
28
21
23
44
64
63
49
59
81
82
72
89
79
65
67
64
62
63
44
42
46
21
119
128
95
126
130
97
109
120
112
81
75
63
44
50
49
49
48
92
94
125
97
94
112
110
122
123
122
51
60
55
52
51
48
63
66
61
62
74
79
90
72
82
100
96
103
85
99
79
62
72
59
76
63
53
66
63
50
80
101
89
98
96
118
119
108
126
115
34
36
26
31
23
13
14
15
1
69
76
74
98
73
79
90
85
84
60
45
42
24
11
8
11
11
90
96
89
104
91
92
92
86
84
85
37
40
36
31
30
27
34
30
30
25
47
51
56
57
58
58
61
69
77
63
40
46
35
42
41
32
32
33
32
29
69
61
72
64
61
90
91
93
89
94
72
57
56
58
59
69
67
63
67
76
7
13
15
4
29
18
30
17
94
74
86
66
79
64
61
53
21
23
28
7
33
20
20
25
23
19
82
89
74
66
68
46
67
60
61
44
39
51
30
30
36
22
22
29
25
27
92
76
65
68
84
51
71
53
46
53
23
25
32
28
24
27
24
18
26
27
56
85
82
86
81
83
78
77
82
60
9
6
8
4
22
18
23
17
103
103
106
60
69
73
57
67
32
26
18
12
21
20
20
18
23
17
78
98
101
85
84
60
67
61
57
71
35
46
31
26
50
23
31
34
25
28
71
85
93
82
85
65
65
67
60
76
42
45
35
29
31
24
24
18
21
20
83
69
68
70
71
80
79
75
74
83
22
11
4
6
16
16
17
6
101
90
102
82
90
71
72
65
43
37
29
23
39
17
15
16
10
11
93
96
86
82
84
62
83
72
68
56
50
62
42
41
48
38
33
30
23
35
103
83
77
80
100
63
82
65
58
64
45
48
38
40
37
18
19
21
15
23
67
83
80
84
79
81
79
81
80
71
20
11
1
4
1
13
10
2
114
101
104
71
80
76
68
65
43
33
35
18
32
16
14
13
17
12
78
82
99
96
95
71
65
65
64
69
46
44
37
37
48
34
33
26
26
24
82
95
91
91
83
76
63
73
70
74
35
37
37
33
30
19
23
12
16
21
81
68
67
69
70
79
75
74
73
85
16
10
1
2
3
19
12
4
100
85
97
77
88
73
70
64
37
32
28
20
31
18
16
13
11
15
88
98
85
80
82
57
78
71
70
55
48
60
41
39
47
36
31
21
34
27
98
85
76
82
98
65
80
67
60
62
43
46
36
39
36
21
25
14
22
21
78
68
67
69
70
82
75
74
73
82
42
36
23
24
28
11
16
8
100
85
97
77
85
70
67
62
46
46
51
40
41
13
13
17
16
15
88
95
85
77
79
57
78
71
67
55
45
57
41
36
47
33
28
18
24
24
98
82
76
79
95
62
77
64
57
59
40
36
32
29
31
42
45
34
42
41
65
81
78
82
77
79
77
79
78
69
37
28
16
17
19
4
3
5
112
99
102
69
78
74
66
63
52
47
43
35
42
4
2
4
8
4
76
80
97
94
93
69
63
63
62
54
44
42
35
35
46
32
28
17
17
22
80
93
89
89
81
74
61
71
68
72
33
35
31
29
28
32
32
29
34
34
76
70
69
71
72
78
73
72
75
84
34
25
14
18
20
4
7
4
98
87
99
75
87
72
69
62
44
44
48
37
39
10
9
11
12
11
86
97
87
75
77
59
76
69
65
57
47
59
43
38
45
31
26
20
16
25
100
80
78
81
93
64
75
62
59
61
38
34
35
28
33
28
38
30
29
36
81
74
73
72
76
82
78
77
79
85
34
30
21
14
18
6
11
8
106
91
103
83
88
73
73
65
55
47
43
40
45
14
13
16
16
15
94
98
91
80
85
63
81
74
70
61
51
60
47
42
50
36
34
24
24
25
104
85
82
85
98
68
80
70
60
62
37
42
38
35
33
36
37
26
30
41
14
20
6
20
19
34
44
27
19
18
88
97
96
85
83
76
87
95
87
4
2
36
42
11
14
39
81
83
99
86
83
89
89
96
94
95
26
32
36
43
39
22
21
22
26
25
53
48
66
54
66
69
71
79
74
73
41
32
31
31
30
21
20
24
23
25
66
71
69
74
71
102
108
90
99
104
29
22
25
30
20
38
40
51
49
41
95
104
94
102
106
83
94
105
97
19
15
40
34
47
49
30
91
93
109
96
93
96
96
106
104
105
27
40
46
56
52
28
26
27
31
32
66
55
76
61
73
78
81
89
81
83
42
36
41
32
26
24
29
30
26
30
73
81
76
84
81
112
118
97
109
114
27
23
22
18
25
29
26
25
26
22
93
102
101
83
81
81
92
94
85
16
5
25
19
9
23
26
79
81
99
84
81
94
94
96
97
96
38
42
34
46
41
29
19
29
24
29
53
53
64
59
67
74
70
77
72
73
47
35
36
31
31
19
22
32
31
32
67
75
74
72
70
100
106
95
100
96
30
32
30
28
29
15
8
10
13
13
64
91
90
70
93
73
83
80
72
52
41
45
16
11
9
5
66
87
89
71
82
86
84
81
79
80
36
42
33
31
27
21
28
28
18
19
41
45
54
46
53
53
56
64
59
58
47
43
40
39
46
26
28
23
20
23
54
56
63
58
56
81
82
84
84
85
29
34
29
29
27
11
6
6
7
3
60
67
91
66
64
71
82
76
68
52
42
31
17
6
4
7
82
88
80
96
83
84
84
77
75
76
29
34
28
22
22
24
27
24
25
21
43
43
47
49
49
49
52
60
69
54
43
38
38
34
44
27
30
30
23
27
61
52
64
55
52
82
83
85
80
85
32
40
33
34
30
19
20
19
8
7
88
97
77
78
99
76
87
89
81
65
50
34
16
17
3
6
74
76
94
79
76
89
89
91
92
91
40
46
42
37
36
37
29
23
34
20
46
57
59
54
56
68
65
72
67
68
50
46
41
42
47
27
39
39
36
40
62
64
69
67
65
95
88
90
95
97
40
42
39
37
38
21
17
16
16
17
69
76
74
75
102
79
90
85
77
58
47
45
13
21
8
9
90
96
89
104
91
92
92
94
84
85
40
46
42
37
36
34
32
32
31
23
43
51
56
57
59
58
61
69
64
63
56
50
49
47
53
30
30
36
33
37
69
69
72
64
61
90
91
93
89
94
25
34
31
31
31
15
11
10
12
8
82
91
90
89
93
69
81
83
75
59
44
42
15
15
8
5
64
66
88
69
66
83
82
85
86
85
37
40
36
31
30
22
23
23
19
14
36
42
53
44
50
62
59
66
57
62
40
46
42
42
41
27
21
24
21
25
52
54
61
61
59
85
91
80
89
87
59
52
48
53
54
61
56
55
57
63
12
27
33
18
28
23
34
28
20
81
66
78
51
69
54
51
45
2
18
19
12
36
36
29
27
28
69
79
66
61
60
41
62
55
48
39
29
24
16
20
28
14
12
25
25
19
82
63
57
63
79
43
58
48
41
43
15
17
16
20
14
34
35
37
32
38
93
111
108
112
107
108
107
109
106
97
59
50
56
56
51
58
69
63
55
140
129
130
99
106
104
94
91
49
41
48
43
71
71
64
62
63
104
108
127
124
123
99
91
93
90
95
72
72
63
63
74
62
55
62
64
50
108
123
117
117
111
102
91
99
98
100
68
70
59
57
57
70
79
81
67
82
64
60
59
61
62
65
61
60
59
68
22
9
15
15
10
13
29
25
26
92
77
89
63
77
61
59
50
14
4
7
6
29
29
23
21
28
74
81
77
69
71
49
64
57
55
47
37
43
30
28
33
19
19
20
14
17
84
74
68
65
87
54
63
56
49
51
26
22
23
16
22
34
30
33
35
29
84
70
69
71
76
82
77
76
79
88
15
13
10
8
9
26
20
27
22
102
87
99
79
87
72
73
64
30
32
21
27
22
22
22
25
21
90
87
87
83
85
59
80
73
69
57
51
63
43
42
49
35
34
40
35
34
104
84
78
85
97
68
83
70
63
65
36
38
38
36
36
27
29
29
25
30
53
67
66
68
63
67
63
65
66
57
29
28
30
31
29
26
37
28
31
100
87
88
57
66
62
52
49
13
5
19
26
39
45
30
40
30
62
66
83
80
81
55
49
51
50
53
30
28
21
21
34
20
24
29
19
7
68
79
75
77
69
60
49
57
54
60
26
23
17
26
23
48
36
43
45
39
81
85
70
72
65
75
73
69
74
77
38
29
13
18
18
3
4
7
9
95
88
98
73
82
70
70
57
48
43
46
36
38
3
4
4
5
83
98
88
72
82
52
81
67
70
58
48
60
39
39
42
28
24
13
21
27
93
85
79
82
90
57
72
67
52
54
43
46
35
24
32
35
41
28
38
33
77
67
69
68
72
84
77
73
75
84
36
27
17
16
17
5
3
6
13
102
87
99
79
84
72
69
63
45
47
44
34
42
4
2
3
4
90
97
87
79
81
59
80
70
66
57
47
56
40
38
46
32
28
23
20
26
100
84
75
78
97
61
76
63
59
58
42
45
32
28
31
34
39
27
36
32
83
77
76
78
75
87
80
79
78
91
34
25
16
14
18
12
14
11
15
109
94
106
86
94
79
76
69
55
51
43
39
46
10
9
7
1
93
86
94
86
88
62
83
76
72
64
54
66
46
45
52
38
34
30
27
33
103
87
85
88
104
71
82
73
66
68
49
45
41
34
38
33
35
37
31
36
80
70
73
71
72
81
80
80
75
88
29
23
9
12
14
6
8
10
12
102
102
99
79
87
76
73
64
50
42
38
30
41
7
6
2
1
90
101
87
83
85
59
84
73
69
61
51
59
43
42
49
35
31
24
25
30
104
88
78
81
101
68
83
70
59
65
46
45
35
31
35
31
35
24
32
29
74
94
87
95
90
91
87
88
91
78
45
36
15
25
20
16
13
14
11
125
112
115
78
91
83
75
76
58
48
53
38
47
17
15
11
6
85
89
110
103
102
82
72
72
75
76
53
55
48
44
59
45
40
26
30
31
89
102
102
102
94
83
70
84
81
85
42
48
41
37
39
33
43
30
30
35
11
15
10
14
5
26
33
36
27
26
83
92
79
90
94
71
82
90
82
42
27
43
26
24
32
34
29
76
78
94
81
78
84
84
91
89
90
12
19
28
16
11
11
4
16
16
54
43
61
49
59
64
66
74
69
68
13
9
6
5
8
10
11
18
11
13
61
66
64
69
66
97
103
85
94
99
12
16
15
9
12
22
29
35
27
28
73
80
94
79
77
80
92
87
81
48
30
37
25
29
31
33
28
85
91
92
99
86
95
93
89
88
89
9
14
27
25
14
10
13
20
16
47
48
57
55
64
62
63
70
72
66
16
12
7
9
17
13
12
16
18
16
64
65
72
65
63
85
86
91
93
89
13
20
7
14
15
17
19
21
20
23
80
89
82
87
91
74
79
93
73
47
33
33
29
27
26
26
22
79
81
97
84
80
81
81
94
92
93
6
17
17
7
13
11
14
20
21
47
40
64
51
50
66
63
77
70
71
17
18
13
15
16
12
17
15
17
20
61
60
66
64
63
100
106
82
97
83
23
29
24
28
24
22
23
22
8
23
82
91
81
89
93
70
81
92
84
58
46
48
30
17
24
25
24
78
80
96
83
80
83
83
93
91
92
20
30
14
12
27
25
16
32
20
53
42
63
48
55
65
68
76
75
70
31
32
27
29
29
26
29
25
30
21
60
64
63
68
68
99
105
84
96
101
19
21
17
17
12
16
8
14
6
11
66
82
81
72
70
70
85
82
74
49
34
39
19
8
12
12
15
72
78
79
86
73
88
86
76
77
76
7
12
6
11
19
17
11
20
21
40
33
44
46
51
54
50
57
54
53
18
16
13
12
24
18
18
20
18
21
54
55
60
52
50
72
73
84
80
76
10
12
9
13
8
30
28
37
30
31
68
75
81
80
72
75
87
74
76
43
30
42
32
34
35
32
27
72
78
79
86
73
90
88
76
77
76
21
25
29
33
31
8
1
10
5
42
43
44
50
53
54
50
57
63
53
28
24
20
20
27
5
7
10
1
6
58
55
67
52
50
72
73
86
80
93
2
4
3
5
7
28
28
32
22
21
66
73
71
72
70
73
85
75
67
36
21
36
33
33
29
30
28
73
79
80
87
74
88
86
77
78
77
19
23
21
35
30
2
3
8
6
40
41
45
48
52
55
51
58
61
54
23
24
18
21
23
1
8
4
6
4
56
56
65
53
51
73
74
84
81
91
7
11
8
13
7
36
35
39
29
33
80
89
79
80
78
68
79
90
73
44
29
42
26
38
37
37
29
76
78
94
81
78
81
81
91
89
90
14
24
29
41
30
7
8
17
12
51
40
61
46
58
63
66
74
66
68
26
27
21
24
24
4
7
12
7
11
58
66
61
69
66
97
80
82
94
99
12
14
12
15
11
28
24
23
22
21
69
78
63
64
62
57
68
74
66
46
31
44
10
25
21
19
13
60
62
78
65
62
70
70
75
73
74
23
28
31
36
34
3
11
10
1
40
29
45
35
43
50
50
58
53
52
31
27
22
23
28
8
10
5
2
5
47
51
50
53
50
81
87
71
78
72
10
13
12
15
15
27
26
28
27
30
68
77
71
75
70
56
67
82
74
45
32
42
27
33
29
27
22
67
70
86
73
68
69
69
71
81
82
20
26
36
35
36
2
9
3
8
40
28
53
34
49
55
58
66
54
60
26
27
22
24
27
7
7
9
2
4
46
58
65
61
58
89
95
70
86
71
33
37
35
38
38
43
39
38
40
27
41
50
49
32
30
29
40
42
34
68
55
64
34
34
30
22
19
41
30
46
55
30
42
42
44
45
44
43
50
53
46
48
25
32
26
22
23
12
13
8
15
15
18
26
21
21
49
50
45
47
50
30
30
32
25
28
20
18
22
21
18
49
55
43
48
44
23
37
34
38
33
37
35
37
36
27
33
40
48
39
37
40
52
41
33
68
55
58
27
34
38
33
19
39
45
46
53
40
55
53
43
44
43
29
46
42
34
36
25
21
21
22
12
11
13
6
24
21
24
24
28
20
42
47
41
44
39
19
27
27
14
28
23
22
32
19
17
39
40
51
47
43
58
40
59
63
42
49
45
44
43
56
34
43
29
41
45
22
33
40
32
72
57
69
42
58
42
39
34
37
28
44
52
28
35
35
37
39
40
67
72
57
71
51
29
36
51
47
27
25
24
8
11
13
11
24
19
18
53
74
70
70
54
34
42
52
43
53
14
16
21
13
13
47
53
36
44
37
30
48
45
49
44
45
42
44
43
34
34
43
31
41
45
26
33
42
34
79
66
69
34
45
41
31
30
33
30
40
33
30
35
35
43
41
42
41
45
64
61
60
36
28
28
27
34
11
7
5
12
15
11
24
20
14
45
60
56
56
46
41
26
38
35
39
12
18
15
17
11
49
55
36
46
51
47
35
34
36
37
44
40
42
41
37
36
45
28
43
47
25
35
39
31
67
52
68
32
44
43
36
33
36
27
43
50
27
37
37
40
40
39
39
48
55
44
49
24
47
40
36
30
14
14
9
3
12
13
23
20
17
67
49
43
46
64
29
37
31
29
26
12
10
17
13
13
46
52
41
43
48
45
35
34
36
37
46
42
41
40
49
11
18
16
17
27
13
24
27
19
67
52
64
44
52
37
34
29
13
15
34
18
15
26
26
28
29
28
55
62
52
44
46
24
45
38
34
22
12
24
8
3
14
4
11
13
5
65
49
43
46
62
29
44
31
24
26
1
3
10
6
3
26
27
29
31
30
50
40
39
41
42
51
47
46
45
54
23
23
31
22
20
16
27
24
21
85
57
69
49
57
42
39
34
32
28
34
23
23
30
29
26
27
26
60
67
57
49
51
29
50
43
39
27
17
29
8
8
19
5
7
9
3
70
54
48
51
67
34
49
36
29
31
13
16
4
2
2
22
23
34
30
41
49
64
61
66
60
63
61
63
62
53
26
33
33
32
30
12
23
26
19
95
68
85
52
62
57
49
47
35
30
46
50
30
25
25
27
33
34
60
64
80
77
76
52
47
46
46
50
27
25
19
18
30
15
15
7
5
64
76
72
73
64
58
45
54
52
55
24
25
15
11
13
33
34
36
46
37
51
67
61
65
63
65
63
65
64
52
29
33
31
31
30
7
23
20
12
98
85
88
55
64
60
49
47
28
30
40
33
23
26
20
28
24
22
62
66
83
77
79
52
46
46
48
50
27
25
18
18
32
18
10
10
6
63
79
75
72
64
57
44
54
51
55
16
18
14
12
11
45
49
35
40
45
56
47
46
48
49
57
53
52
51
60
29
29
28
27
26
9
19
21
13
79
64
76
55
64
48
46
41
30
26
38
45
20
21
27
23
29
30
66
60
64
56
57
36
56
49
45
34
24
36
20
15
25
12
6
7
1
76
61
55
58
73
41
56
43
36
37
13
14
10
6
9
45
50
31
36
46
14
26
23
17
12
30
37
41
34
40
87
94
95
93
91
94
106
88
80
50
43
47
48
38
39
41
43
89
92
93
100
91
109
107
90
91
90
14
21
29
40
29
24
18
16
30
19
58
62
58
69
72
68
64
71
82
67
5
7
10
13
13
24
24
24
16
77
69
86
66
64
86
87
105
94
112
19
24
18
22
13
34
41
44
35
34
88
97
87
95
99
76
87
98
90
45
35
42
34
32
40
42
37
84
86
102
89
86
89
89
99
97
98
8
20
27
30
33
19
19
17
24
23
59
48
69
54
66
71
74
82
74
76
4
8
13
14
16
13
25
19
21
66
74
69
77
74
105
111
90
102
107
16
18
10
14
5
23
31
35
27
33
80
89
79
87
91
68
79
90
82
42
35
37
26
31
32
34
29
76
78
94
81
78
81
81
91
89
90
7
5
19
22
23
13
14
9
18
17
51
40
61
46
58
63
66
74
69
68
5
6
3
6
6
5
17
14
15
58
66
61
69
66
97
103
82
94
83
25
27
16
20
16
34
39
42
36
32
85
87
99
98
89
87
99
92
84
48
32
43
32
37
42
42
35
87
91
92
104
89
102
100
94
90
94
14
26
33
28
31
24
23
18
24
23
54
60
57
62
70
67
63
70
77
71
11
10
6
3
22
11
21
17
20
70
72
79
75
68
90
86
103
98
94
23
30
28
30
24
43
44
50
42
47
90
97
95
96
94
97
109
93
85
57
29
53
51
47
48
48
46
92
97
98
105
94
112
110
95
96
95
23
21
39
47
36
24
26
23
30
24
63
65
63
72
75
73
69
76
85
72
17
12
16
14
20
17
29
23
26
80
74
89
71
69
91
92
108
99
115
15
13
10
12
15
33
35
39
29
28
78
87
76
77
75
66
77
87
79
46
35
41
23
38
34
31
26
73
75
91
78
75
79
79
88
86
87
24
22
36
42
38
9
8
8
13
10
49
38
58
44
56
60
63
71
64
65
33
23
17
20
30
3
12
9
6
56
63
59
66
63
94
100
80
91
96
11
13
13
13
13
33
36
33
30
29
75
84
76
82
86
63
74
87
68
48
30
45
23
38
35
32
26
73
75
91
78
75
76
76
78
86
87
20
19
33
36
35
7
14
6
14
7
46
35
58
41
53
60
63
71
61
65
19
29
25
25
27
1
12
8
4
53
63
56
66
63
94
75
77
91
96
18
19
16
20
15
31
40
39
30
32
69
76
74
75
73
76
88
76
68
50
37
50
34
36
37
34
29
74
80
81
88
75
91
89
78
79
78
29
32
37
48
38
7
16
16
11
7
43
44
46
51
54
56
52
59
64
55
35
31
26
27
32
12
13
5
8
59
57
68
54
52
74
98
87
82
78
19
21
19
22
22
36
41
40
35
37
74
81
79
83
78
81
93
77
69
53
40
50
35
42
38
35
30
76
81
82
89
78
96
94
79
80
79
29
27
41
44
43
11
17
11
16
8
47
49
47
56
59
57
53
60
69
56
38
28
22
25
35
14
8
12
10
64
58
57
55
53
75
76
92
83
79
14
16
14
16
17
29
37
36
33
32
67
74
80
73
71
74
86
73
75
46
33
43
31
34
34
31
26
71
77
78
85
72
89
87
75
76
75
18
28
37
36
38
3
12
10
9
4
41
42
43
49
52
53
49
56
58
52
23
27
23
23
24
4
4
11
2
57
54
66
51
49
71
72
85
79
92
51
46
45
47
48
52
47
47
46
55
35
24
22
23
41
19
30
32
24
78
63
75
44
64
48
45
37
39
36
40
24
31
32
37
34
35
33
61
68
59
55
53
35
51
44
41
33
18
32
10
14
20
7
10
17
12
11
71
60
54
57
68
40
50
42
35
37
4
14
5
2
27
28
35
35
42
41
51
48
52
47
55
53
55
54
45
13
35
18
36
17
17
31
28
22
82
69
72
45
46
45
36
37
15
17
33
45
17
34
33
30
28
29
52
64
68
64
62
39
39
39
36
37
22
12
8
11
13
2
10
15
8
9
56
63
59
59
57
44
37
41
38
42
1
10
3
3
36
42
28
33
38
42
62
59
63
58
59
58
60
55
46
24
28
25
26
32
17
31
28
22
89
80
83
50
55
51
43
42
39
34
38
40
29
34
30
36
35
32
53
57
74
71
70
46
44
44
39
48
21
19
20
12
27
13
4
15
8
9
61
70
66
66
58
51
42
48
45
49
17
12
3
6
18
26
26
26
22
55
47
46
48
49
56
52
51
50
59
30
28
34
27
36
15
30
27
19
77
64
76
56
64
47
46
39
36
31
35
28
26
33
27
35
36
29
65
72
64
56
58
36
55
48
44
34
24
34
17
15
24
10
7
12
7
6
75
61
55
58
74
41
54
43
36
38
14
13
4
3
43
23
39
30
46
46
61
58
62
57
56
58
60
59
50
33
39
41
29
27
21
32
34
26
92
79
82
56
58
54
46
43
42
27
42
49
27
34
40
40
38
39
57
74
77
74
73
49
44
44
43
47
27
23
20
16
24
12
10
16
14
13
61
73
69
69
62
54
42
51
48
52
11
14
12
7
40
41
32
43
48
71
90
87
91
86
87
83
85
84
75
36
27
16
15
22
16
34
25
35
118
105
111
78
87
80
72
72
56
48
44
33
48
33
31
27
26
28
82
86
90
100
99
75
72
69
71
63
50
51
41
41
55
41
44
40
34
36
86
102
98
98
87
80
67
80
77
78
46
44
48
45
39
1
3
12
10
89
155
152
142
151
153
151
147
146
105
53
44
34
72
77
50
84
51
35
136
158
170
100
102
143
90
135
113
71
68
96
105
86
86
46
44
85
111
118
171
150
152
130
101
94
90
128
68
80
59
59
120
106
101
91
55
54
121
155
149
152
118
135
100
137
142
146
57
64
102
102
53
18
56
61
28
97
101
98
103
89
99
97
94
98
89
37
31
22
19
21
38
31
39
34
119
104
123
89
104
89
86
84
58
52
48
41
51
33
33
34
36
32
107
115
105
96
98
90
83
91
83
87
64
63
61
55
66
52
47
52
51
50
101
101
110
110
114
81
97
84
76
79
60
60
43
46
49
14
15
20
10
88
104
97
101
96
102
100
102
101
92
42
33
21
22
26
23
39
32
40
131
118
121
92
97
93
85
84
64
54
51
40
53
38
36
33
31
35
99
99
120
113
112
88
86
86
85
86
63
65
54
54
69
55
51
41
41
46
103
112
108
108
104
93
84
90
87
91
52
58
42
52
48
20
20
16
5
96
89
88
90
91
97
93
92
91
100
40
32
21
20
25
21
44
30
22
121
103
118
98
106
91
88
82
61
61
50
44
56
43
41
32
36
37
106
102
106
98
100
78
96
89
85
76
66
75
62
57
65
51
46
39
50
49
116
103
97
100
113
83
95
85
78
80
61
59
50
45
50
13
4
4
9
