65535, 0, 7, 0, 255, [0, 5, 0, 2, 1, 0, 93], 
65535, 0, 7, 0, 255, [0, 5, 0, 10, 1, 0, 86], 
65535, 0, 7, 0, 255, [0, 5, 0, 7, 1, 0, 57], 
65535, 0, 7, 0, 255, [0, 5, 0, 4, 1, 0, 100], 
65535, 0, 7, 0, 255, [0, 5, 0, 3, 1, 0, 100], 
65535, 0, 7, 0, 255, [0, 5, 0, 6, 1, 0, 81], 
65535, 0, 7, 0, 255, [0, 5, 0, 1, 1, 0, 98], 
65535, 0, 7, 0, 255, [0, 5, 0, 8, 1, 0, 62], 
65535, 0, 7, 0, 255, [0, 5, 0, 10, 2, 0, 99], 
65535, 0, 7, 0, 255, [0, 5, 0, 2, 2, 0, 92], 
65535, 0, 7, 0, 255, [0, 5, 0, 7, 2, 0, 94], 
65535, 0, 7, 0, 255, [0, 5, 0, 4, 2, 0, 100], 
65535, 0, 7, 0, 255, [0, 5, 0, 3, 2, 0, 100], 
65535, 0, 7, 0, 255, [0, 5, 0, 6, 2, 0, 98], 
65535, 0, 7, 0, 255, [0, 5, 0, 1, 2, 0, 100], 
65535, 0, 7, 0, 255, [0, 5, 0, 8, 2, 0, 100], 
65535, 0, 7, 0, 255, [0, 1, 0, 3, 1, 0, 100], 
65535, 0, 7, 0, 255, [0, 1, 0, 5, 1, 0, 97], 
65535, 0, 7, 0, 255, [0, 1, 0, 2, 1, 0, 90], 
65535, 0, 7, 0, 255, [0, 1, 0, 7, 1, 0, 64], 
65535, 0, 7, 0, 255, [0, 1, 0, 10, 1, 0, 72], 
65535, 0, 7, 0, 255, [0, 1, 0, 8, 1, 0, 43], 
65535, 0, 7, 0, 255, [0, 1, 0, 4, 1, 0, 71], 
65535, 0, 7, 0, 255, [0, 1, 0, 2, 2, 0, 92], 
65535, 0, 7, 0, 255, [0, 1, 0, 4, 2, 0, 98], 
65535, 0, 7, 0, 255, [0, 1, 0, 5, 2, 0, 97], 
65535, 0, 7, 0, 255, [0, 1, 0, 6, 2, 0, 100], 
65535, 0, 7, 0, 255, [0, 1, 0, 3, 2, 0, 99], 
65535, 0, 7, 0, 255, [0, 1, 0, 10, 2, 0, 95], 
65535, 0, 7, 0, 255, [0, 4, 0, 2, 1, 0, 92], 
65535, 0, 7, 0, 255, [0, 4, 0, 10, 1, 0, 83], 
65535, 0, 7, 0, 255, [0, 4, 0, 5, 1, 0, 99], 
65535, 0, 7, 0, 255, [0, 4, 0, 7, 1, 0, 76], 
65535, 0, 7, 0, 255, [0, 4, 0, 3, 1, 0, 100], 
65535, 0, 7, 0, 255, [0, 4, 0, 6, 1, 0, 96], 
65535, 0, 7, 0, 255, [0, 4, 0, 1, 1, 0, 79], 
65535, 0, 7, 0, 255, [0, 4, 0, 8, 1, 0, 66], 
65535, 0, 7, 0, 255, [0, 4, 0, 5, 2, 0, 100], 
65535, 0, 7, 0, 255, [0, 4, 0, 10, 2, 0, 94], 
65535, 0, 7, 0, 255, [0, 4, 0, 2, 2, 0, 91], 
65535, 0, 7, 0, 255, [0, 4, 0, 7, 2, 0, 92], 
65535, 0, 7, 0, 255, [0, 4, 0, 3, 2, 0, 100], 
65535, 0, 7, 0, 255, [0, 4, 0, 6, 2, 0, 100], 
65535, 0, 7, 0, 255, [0, 4, 0, 1, 2, 0, 100], 
65535, 0, 7, 0, 255, [0, 6, 0, 4, 1, 0, 76], 
65535, 0, 7, 0, 255, [0, 6, 0, 2, 1, 0, 65], 
65535, 0, 7, 0, 255, [0, 6, 0, 10, 1, 0, 89], 
65535, 0, 7, 0, 255, [0, 6, 0, 5, 1, 0, 74], 
65535, 0, 7, 0, 255, [0, 6, 0, 7, 1, 0, 94], 
65535, 0, 7, 0, 255, [0, 6, 0, 3, 1, 0, 49], 
65535, 0, 7, 0, 255, [0, 6, 0, 8, 1, 0, 97], 
65535, 0, 7, 0, 255, [0, 6, 0, 3, 2, 0, 100], 
65535, 0, 7, 0, 255, [0, 6, 0, 10, 2, 0, 96], 
65535, 0, 7, 0, 255, [0, 6, 0, 2, 2, 0, 87], 
65535, 0, 7, 0, 255, [0, 6, 0, 7, 2, 0, 94], 
65535, 0, 7, 0, 255, [0, 6, 0, 9, 2, 0, 86], 
65535, 0, 7, 0, 255, [0, 6, 0, 4, 2, 0, 98], 
65535, 0, 7, 0, 255, [0, 6, 0, 5, 2, 0, 97], 
65535, 0, 7, 0, 255, [0, 6, 0, 1, 2, 0, 99], 
65535, 0, 7, 0, 255, [0, 6, 0, 8, 2, 0, 100], 
65535, 0, 7, 0, 255, [0, 2, 0, 7, 1, 0, 68], 
65535, 0, 7, 0, 255, [0, 2, 0, 5, 1, 0, 99], 
65535, 0, 7, 0, 255, [0, 2, 0, 4, 1, 0, 95], 
65535, 0, 7, 0, 255, [0, 2, 0, 3, 1, 0, 95], 
65535, 0, 7, 0, 255, [0, 2, 0, 6, 1, 0, 70], 
65535, 0, 7, 0, 255, [0, 2, 0, 1, 1, 0, 95], 
65535, 0, 7, 0, 255, [0, 2, 0, 8, 1, 0, 50], 
65535, 0, 7, 0, 255, [0, 2, 0, 10, 1, 0, 1], 
65535, 0, 7, 0, 255, [0, 2, 0, 10, 2, 0, 99], 
65535, 0, 7, 0, 255, [0, 2, 0, 5, 2, 0, 100], 
65535, 0, 7, 0, 255, [0, 2, 0, 4, 2, 0, 100], 
65535, 0, 7, 0, 255, [0, 2, 0, 3, 2, 0, 100], 
65535, 0, 7, 0, 255, [0, 2, 0, 6, 2, 0, 100], 
65535, 0, 7, 0, 255, [0, 2, 0, 1, 2, 0, 100], 
65535, 0, 7, 0, 255, [0, 2, 0, 7, 2, 0, 3], 
65535, 0, 7, 0, 255, [0, 2, 0, 8, 2, 0, 1], 
65535, 0, 7, 0, 255, [0, 9, 0, 7, 1, 0, 99], 
65535, 0, 7, 0, 255, [0, 9, 0, 10, 1, 0, 100], 
65535, 0, 7, 0, 255, [0, 9, 0, 8, 1, 0, 99], 
65535, 0, 7, 0, 255, [0, 9, 0, 7, 2, 0, 87], 
65535, 0, 7, 0, 255, [0, 9, 0, 10, 2, 0, 100], 
65535, 0, 7, 0, 255, [0, 9, 0, 6, 2, 0, 100], 
65535, 0, 7, 0, 255, [0, 9, 0, 8, 2, 0, 100], 
65535, 0, 7, 0, 255, [0, 8, 0, 7, 1, 0, 94], 
65535, 0, 7, 0, 255, [0, 8, 0, 10, 1, 0, 92], 
65535, 0, 7, 0, 255, [0, 8, 0, 5, 1, 0, 13], 
65535, 0, 7, 0, 255, [0, 8, 0, 6, 1, 0, 96], 
65535, 0, 7, 0, 255, [0, 8, 0, 4, 1, 0, 20], 
65535, 0, 7, 0, 255, [0, 8, 0, 9, 1, 0, 14], 
65535, 0, 7, 0, 255, [0, 8, 0, 2, 1, 0, 8], 
65535, 0, 7, 0, 255, [0, 8, 0, 1, 1, 0, 6], 
65535, 0, 7, 0, 255, [0, 8, 0, 5, 2, 0, 97], 
65535, 0, 7, 0, 255, [0, 8, 0, 6, 2, 0, 100], 
65535, 0, 7, 0, 255, [0, 8, 0, 3, 2, 0, 98], 
65535, 0, 7, 0, 255, [0, 8, 0, 10, 2, 0, 95], 
65535, 0, 7, 0, 255, [0, 8, 0, 7, 2, 0, 93], 
65535, 0, 7, 0, 255, [0, 8, 0, 9, 2, 0, 45], 
65535, 0, 7, 0, 255, [0, 8, 0, 2, 2, 0, 8], 
65535, 0, 7, 0, 255, [0, 8, 0, 4, 2, 0, 7], 
65535, 0, 7, 0, 255, [0, 3, 0, 2, 1, 0, 91], 
65535, 0, 7, 0, 255, [0, 3, 0, 10, 1, 0, 83], 
65535, 0, 7, 0, 255, [0, 3, 0, 5, 1, 0, 98], 
65535, 0, 7, 0, 255, [0, 3, 0, 4, 1, 0, 99], 
65535, 0, 7, 0, 255, [0, 3, 0, 6, 1, 0, 65], 
65535, 0, 7, 0, 255, [0, 3, 0, 7, 1, 0, 64], 
65535, 0, 7, 0, 255, [0, 3, 0, 1, 1, 0, 98], 
65535, 0, 7, 0, 255, [0, 3, 0, 10, 2, 0, 57], 
65535, 0, 7, 0, 255, [0, 3, 0, 2, 2, 0, 90], 
65535, 0, 7, 0, 255, [0, 3, 0, 7, 2, 0, 92], 
65535, 0, 7, 0, 255, [0, 3, 0, 4, 2, 0, 99], 
65535, 0, 7, 0, 255, [0, 3, 0, 5, 2, 0, 98], 
65535, 0, 7, 0, 255, [0, 3, 0, 6, 2, 0, 99], 
65535, 0, 7, 0, 255, [0, 3, 0, 1, 2, 0, 100], 
65535, 0, 7, 0, 255, [0, 3, 0, 8, 2, 0, 84], 
65535, 0, 7, 0, 255, [0, 10, 0, 7, 1, 0, 91], 
65535, 0, 7, 0, 255, [0, 10, 0, 9, 1, 0, 89], 
65535, 0, 7, 0, 255, [0, 10, 0, 5, 1, 0, 88], 
65535, 0, 7, 0, 255, [0, 10, 0, 4, 1, 0, 83], 
65535, 0, 7, 0, 255, [0, 10, 0, 3, 1, 0, 88], 
65535, 0, 7, 0, 255, [0, 10, 0, 6, 1, 0, 91], 
65535, 0, 7, 0, 255, [0, 10, 0, 8, 1, 0, 97], 
65535, 0, 7, 0, 255, [0, 10, 0, 1, 1, 0, 49], 
65535, 0, 7, 0, 255, [0, 10, 0, 7, 2, 0, 99], 
65535, 0, 7, 0, 255, [0, 10, 0, 9, 2, 0, 94], 
65535, 0, 7, 0, 255, [0, 10, 0, 2, 2, 0, 34], 
65535, 0, 7, 0, 255, [0, 10, 0, 5, 2, 0, 100], 
65535, 0, 7, 0, 255, [0, 10, 0, 4, 2, 0, 97], 
65535, 0, 7, 0, 255, [0, 10, 0, 6, 2, 0, 100], 
65535, 0, 7, 0, 255, [0, 10, 0, 3, 2, 0, 47], 
65535, 0, 7, 0, 255, [0, 10, 0, 1, 2, 0, 72], 
65535, 0, 7, 0, 255, [0, 10, 0, 8, 2, 0, 95], 
65535, 0, 7, 0, 255, [0, 7, 0, 2, 1, 0, 56], 
65535, 0, 7, 0, 255, [0, 7, 0, 9, 1, 0, 71], 
65535, 0, 7, 0, 255, [0, 7, 0, 10, 1, 0, 94], 
65535, 0, 7, 0, 255, [0, 7, 0, 5, 1, 0, 30], 
65535, 0, 7, 0, 255, [0, 7, 0, 4, 1, 0, 78], 
65535, 0, 7, 0, 255, [0, 7, 0, 3, 1, 0, 62], 
65535, 0, 7, 0, 255, [0, 7, 0, 6, 1, 0, 97], 
65535, 0, 7, 0, 255, [0, 7, 0, 1, 1, 0, 52], 
65535, 0, 7, 0, 255, [0, 7, 0, 8, 1, 0, 98], 
65535, 0, 7, 0, 255, [0, 7, 0, 10, 2, 0, 100], 
65535, 0, 7, 0, 255, [0, 7, 0, 5, 2, 0, 100], 
65535, 0, 7, 0, 255, [0, 7, 0, 4, 2, 0, 100], 
65535, 0, 7, 0, 255, [0, 7, 0, 3, 2, 0, 99], 
65535, 0, 7, 0, 255, [0, 7, 0, 6, 2, 0, 100], 
65535, 0, 7, 0, 255, [0, 7, 0, 8, 2, 0, 100], 
65535, 0, 7, 0, 255, [0, 7, 0, 2, 2, 0, 1], 
