65535, 0, 7, 0, 255, [0, 5, 0, 32, 1, 0, 49], 
65535, 0, 7, 0, 255, [0, 5, 0, 4, 1, 0, 100], 
65535, 0, 7, 0, 255, [0, 5, 0, 3, 1, 0, 93], 
65535, 0, 7, 0, 255, [0, 5, 0, 8, 1, 0, 46], 
65535, 0, 7, 0, 255, [0, 5, 0, 6, 1, 0, 68], 
65535, 0, 7, 0, 255, [0, 5, 0, 7, 1, 0, 48], 
65535, 0, 7, 0, 255, [0, 5, 0, 10, 1, 0, 83], 
65535, 0, 7, 0, 255, [0, 5, 0, 1, 1, 0, 99], 
65535, 0, 7, 0, 255, [0, 5, 0, 2, 1, 0, 100], 
65535, 0, 7, 0, 255, [0, 5, 0, 27, 1, 0, 79], 
65535, 0, 7, 0, 255, [0, 5, 0, 29, 1, 0, 83], 
65535, 0, 7, 0, 255, [0, 5, 0, 26, 1, 0, 17], 
65535, 0, 7, 0, 255, [0, 5, 0, 32, 2, 0, 100], 
65535, 0, 7, 0, 255, [0, 5, 0, 3, 2, 0, 93], 
65535, 0, 7, 0, 255, [0, 5, 0, 4, 2, 0, 97], 
65535, 0, 7, 0, 255, [0, 5, 0, 8, 2, 0, 83], 
65535, 0, 7, 0, 255, [0, 5, 0, 35, 2, 0, 89], 
65535, 0, 7, 0, 255, [0, 5, 0, 33, 2, 0, 94], 
65535, 0, 7, 0, 255, [0, 5, 0, 6, 2, 0, 97], 
65535, 0, 7, 0, 255, [0, 5, 0, 7, 2, 0, 99], 
65535, 0, 7, 0, 255, [0, 5, 0, 31, 2, 0, 99], 
65535, 0, 7, 0, 255, [0, 5, 0, 10, 2, 0, 97], 
65535, 0, 7, 0, 255, [0, 5, 0, 1, 2, 0, 99], 
65535, 0, 7, 0, 255, [0, 5, 0, 2, 2, 0, 100], 
65535, 0, 7, 0, 255, [0, 5, 0, 34, 2, 0, 1], 
65535, 0, 7, 0, 255, [0, 5, 0, 27, 2, 0, 85], 
65535, 0, 7, 0, 255, [0, 5, 0, 29, 2, 0, 98], 
65535, 0, 7, 0, 255, [0, 5, 0, 26, 2, 0, 98], 
65535, 0, 7, 0, 255, [0, 35, 0, 8, 1, 0, 96], 
65535, 0, 7, 0, 255, [0, 35, 0, 32, 1, 0, 100], 
65535, 0, 7, 0, 255, [0, 35, 0, 33, 1, 0, 100], 
65535, 0, 7, 0, 255, [0, 35, 0, 6, 1, 0, 86], 
65535, 0, 7, 0, 255, [0, 35, 0, 7, 1, 0, 98], 
65535, 0, 7, 0, 255, [0, 35, 0, 31, 1, 0, 99], 
65535, 0, 7, 0, 255, [0, 35, 0, 10, 1, 0, 99], 
65535, 0, 7, 0, 255, [0, 35, 0, 34, 1, 0, 100], 
65535, 0, 7, 0, 255, [0, 35, 0, 29, 1, 0, 43], 
65535, 0, 7, 0, 255, [0, 35, 0, 4, 1, 0, 7], 
65535, 0, 7, 0, 255, [0, 35, 0, 2, 1, 0, 1], 
65535, 0, 7, 0, 255, [0, 35, 0, 3, 2, 0, 79], 
65535, 0, 7, 0, 255, [0, 35, 0, 8, 2, 0, 90], 
65535, 0, 7, 0, 255, [0, 35, 0, 32, 2, 0, 97], 
65535, 0, 7, 0, 255, [0, 35, 0, 4, 2, 0, 95], 
65535, 0, 7, 0, 255, [0, 35, 0, 33, 2, 0, 96], 
65535, 0, 7, 0, 255, [0, 35, 0, 5, 2, 0, 92], 
65535, 0, 7, 0, 255, [0, 35, 0, 6, 2, 0, 98], 
65535, 0, 7, 0, 255, [0, 35, 0, 7, 2, 0, 98], 
65535, 0, 7, 0, 255, [0, 35, 0, 31, 2, 0, 100], 
65535, 0, 7, 0, 255, [0, 35, 0, 10, 2, 0, 95], 
65535, 0, 7, 0, 255, [0, 35, 0, 16, 2, 0, 81], 
65535, 0, 7, 0, 255, [0, 35, 0, 34, 2, 0, 96], 
65535, 0, 7, 0, 255, [0, 35, 0, 2, 2, 0, 89], 
65535, 0, 7, 0, 255, [0, 35, 0, 9, 2, 0, 2], 
65535, 0, 7, 0, 255, [0, 35, 0, 29, 2, 0, 90], 
65535, 0, 7, 0, 255, [0, 35, 0, 27, 2, 0, 19], 
65535, 0, 7, 0, 255, [0, 35, 0, 1, 2, 0, 1], 
65535, 0, 7, 0, 255, [0, 32, 0, 8, 1, 0, 93], 
65535, 0, 7, 0, 255, [0, 32, 0, 3, 1, 0, 49], 
65535, 0, 7, 0, 255, [0, 32, 0, 35, 1, 0, 91], 
65535, 0, 7, 0, 255, [0, 32, 0, 4, 1, 0, 87], 
65535, 0, 7, 0, 255, [0, 32, 0, 5, 1, 0, 61], 
65535, 0, 7, 0, 255, [0, 32, 0, 33, 1, 0, 97], 
65535, 0, 7, 0, 255, [0, 32, 0, 6, 1, 0, 96], 
65535, 0, 7, 0, 255, [0, 32, 0, 7, 1, 0, 97], 
65535, 0, 7, 0, 255, [0, 32, 0, 31, 1, 0, 83], 
65535, 0, 7, 0, 255, [0, 32, 0, 10, 1, 0, 99], 
65535, 0, 7, 0, 255, [0, 32, 0, 34, 1, 0, 91], 
65535, 0, 7, 0, 255, [0, 32, 0, 2, 1, 0, 55], 
65535, 0, 7, 0, 255, [0, 32, 0, 9, 1, 0, 10], 
65535, 0, 7, 0, 255, [0, 32, 0, 27, 1, 0, 77], 
65535, 0, 7, 0, 255, [0, 32, 0, 29, 1, 0, 82], 
65535, 0, 7, 0, 255, [0, 32, 0, 26, 1, 0, 67], 
65535, 0, 7, 0, 255, [0, 32, 0, 3, 2, 0, 30], 
65535, 0, 7, 0, 255, [0, 32, 0, 8, 2, 0, 90], 
65535, 0, 7, 0, 255, [0, 32, 0, 35, 2, 0, 100], 
65535, 0, 7, 0, 255, [0, 32, 0, 4, 2, 0, 97], 
65535, 0, 7, 0, 255, [0, 32, 0, 33, 2, 0, 99], 
65535, 0, 7, 0, 255, [0, 32, 0, 5, 2, 0, 96], 
65535, 0, 7, 0, 255, [0, 32, 0, 6, 2, 0, 100], 
65535, 0, 7, 0, 255, [0, 32, 0, 7, 2, 0, 99], 
65535, 0, 7, 0, 255, [0, 32, 0, 31, 2, 0, 100], 
65535, 0, 7, 0, 255, [0, 32, 0, 10, 2, 0, 97], 
65535, 0, 7, 0, 255, [0, 32, 0, 1, 2, 0, 45], 
65535, 0, 7, 0, 255, [0, 32, 0, 34, 2, 0, 99], 
65535, 0, 7, 0, 255, [0, 32, 0, 27, 2, 0, 91], 
65535, 0, 7, 0, 255, [0, 32, 0, 2, 2, 0, 34], 
65535, 0, 7, 0, 255, [0, 32, 0, 29, 2, 0, 98], 
65535, 0, 7, 0, 255, [0, 1, 0, 10, 1, 0, 67], 
65535, 0, 7, 0, 255, [0, 1, 0, 5, 1, 0, 96], 
65535, 0, 7, 0, 255, [0, 1, 0, 3, 1, 0, 90], 
65535, 0, 7, 0, 255, [0, 1, 0, 4, 1, 0, 64], 
65535, 0, 7, 0, 255, [0, 1, 0, 7, 1, 0, 58], 
65535, 0, 7, 0, 255, [0, 1, 0, 2, 1, 0, 100], 
65535, 0, 7, 0, 255, [0, 1, 0, 8, 1, 0, 30], 
65535, 0, 7, 0, 255, [0, 1, 0, 27, 1, 0, 76], 
65535, 0, 7, 0, 255, [0, 1, 0, 29, 1, 0, 72], 
65535, 0, 7, 0, 255, [0, 1, 0, 26, 1, 0, 89], 
65535, 0, 7, 0, 255, [0, 1, 0, 4, 2, 0, 93], 
65535, 0, 7, 0, 255, [0, 1, 0, 3, 2, 0, 89], 
65535, 0, 7, 0, 255, [0, 1, 0, 10, 2, 0, 94], 
65535, 0, 7, 0, 255, [0, 1, 0, 5, 2, 0, 94], 
65535, 0, 7, 0, 255, [0, 1, 0, 6, 2, 0, 97], 
65535, 0, 7, 0, 255, [0, 1, 0, 7, 2, 0, 16], 
65535, 0, 7, 0, 255, [0, 1, 0, 32, 2, 0, 84], 
65535, 0, 7, 0, 255, [0, 1, 0, 8, 2, 0, 33], 
65535, 0, 7, 0, 255, [0, 1, 0, 2, 2, 0, 100], 
65535, 0, 7, 0, 255, [0, 1, 0, 31, 2, 0, 12], 
65535, 0, 7, 0, 255, [0, 1, 0, 27, 2, 0, 93], 
65535, 0, 7, 0, 255, [0, 1, 0, 29, 2, 0, 98], 
65535, 0, 7, 0, 255, [0, 1, 0, 26, 2, 0, 100], 
65535, 0, 7, 0, 255, [0, 16, 0, 17, 1, 0, 97], 
65535, 0, 7, 0, 255, [0, 16, 0, 19, 1, 0, 94], 
65535, 0, 7, 0, 255, [0, 16, 0, 20, 1, 0, 95], 
65535, 0, 7, 0, 255, [0, 16, 0, 24, 1, 0, 42], 
65535, 0, 7, 0, 255, [0, 16, 0, 18, 1, 0, 93], 
65535, 0, 7, 0, 255, [0, 16, 0, 23, 1, 0, 49], 
65535, 0, 7, 0, 255, [0, 16, 0, 22, 1, 0, 25], 
65535, 0, 7, 0, 255, [0, 16, 0, 25, 1, 0, 31], 
65535, 0, 7, 0, 255, [0, 16, 0, 17, 2, 0, 93], 
65535, 0, 7, 0, 255, [0, 16, 0, 18, 2, 0, 94], 
65535, 0, 7, 0, 255, [0, 16, 0, 20, 2, 0, 90], 
65535, 0, 7, 0, 255, [0, 16, 0, 25, 2, 0, 96], 
65535, 0, 7, 0, 255, [0, 16, 0, 24, 2, 0, 91], 
65535, 0, 7, 0, 255, [0, 16, 0, 19, 2, 0, 90], 
65535, 0, 7, 0, 255, [0, 16, 0, 23, 2, 0, 94], 
65535, 0, 7, 0, 255, [0, 16, 0, 8, 2, 0, 76], 
65535, 0, 7, 0, 255, [0, 16, 0, 35, 2, 0, 86], 
65535, 0, 7, 0, 255, [0, 16, 0, 22, 2, 0, 88], 
65535, 0, 7, 0, 255, [0, 16, 0, 31, 2, 0, 9], 
65535, 0, 7, 0, 255, [0, 33, 0, 35, 1, 0, 93], 
65535, 0, 7, 0, 255, [0, 33, 0, 32, 1, 0, 100], 
65535, 0, 7, 0, 255, [0, 33, 0, 8, 1, 0, 92], 
65535, 0, 7, 0, 255, [0, 33, 0, 6, 1, 0, 94], 
65535, 0, 7, 0, 255, [0, 33, 0, 7, 1, 0, 97], 
65535, 0, 7, 0, 255, [0, 33, 0, 31, 1, 0, 93], 
65535, 0, 7, 0, 255, [0, 33, 0, 10, 1, 0, 99], 
65535, 0, 7, 0, 255, [0, 33, 0, 34, 1, 0, 95], 
65535, 0, 7, 0, 255, [0, 33, 0, 27, 1, 0, 50], 
65535, 0, 7, 0, 255, [0, 33, 0, 3, 1, 0, 5], 
65535, 0, 7, 0, 255, [0, 33, 0, 29, 1, 0, 99], 
65535, 0, 7, 0, 255, [0, 33, 0, 26, 1, 0, 46], 
65535, 0, 7, 0, 255, [0, 33, 0, 8, 2, 0, 93], 
65535, 0, 7, 0, 255, [0, 33, 0, 35, 2, 0, 100], 
65535, 0, 7, 0, 255, [0, 33, 0, 32, 2, 0, 100], 
65535, 0, 7, 0, 255, [0, 33, 0, 4, 2, 0, 83], 
65535, 0, 7, 0, 255, [0, 33, 0, 5, 2, 0, 93], 
65535, 0, 7, 0, 255, [0, 33, 0, 6, 2, 0, 100], 
65535, 0, 7, 0, 255, [0, 33, 0, 9, 2, 0, 37], 
65535, 0, 7, 0, 255, [0, 33, 0, 7, 2, 0, 100], 
65535, 0, 7, 0, 255, [0, 33, 0, 31, 2, 0, 99], 
65535, 0, 7, 0, 255, [0, 33, 0, 10, 2, 0, 97], 
65535, 0, 7, 0, 255, [0, 33, 0, 34, 2, 0, 99], 
65535, 0, 7, 0, 255, [0, 33, 0, 2, 2, 0, 87], 
65535, 0, 7, 0, 255, [0, 33, 0, 27, 2, 0, 89], 
65535, 0, 7, 0, 255, [0, 33, 0, 29, 2, 0, 96], 
65535, 0, 7, 0, 255, [0, 20, 0, 22, 1, 0, 52], 
65535, 0, 7, 0, 255, [0, 20, 0, 24, 1, 0, 69], 
65535, 0, 7, 0, 255, [0, 20, 0, 19, 1, 0, 100], 
65535, 0, 7, 0, 255, [0, 20, 0, 18, 1, 0, 100], 
65535, 0, 7, 0, 255, [0, 20, 0, 17, 1, 0, 100], 
65535, 0, 7, 0, 255, [0, 20, 0, 25, 1, 0, 88], 
65535, 0, 7, 0, 255, [0, 20, 0, 23, 1, 0, 83], 
65535, 0, 7, 0, 255, [0, 20, 0, 16, 1, 0, 100], 
65535, 0, 7, 0, 255, [0, 20, 0, 19, 2, 0, 97], 
65535, 0, 7, 0, 255, [0, 20, 0, 24, 2, 0, 96], 
65535, 0, 7, 0, 255, [0, 20, 0, 18, 2, 0, 99], 
65535, 0, 7, 0, 255, [0, 20, 0, 17, 2, 0, 99], 
65535, 0, 7, 0, 255, [0, 20, 0, 25, 2, 0, 100], 
65535, 0, 7, 0, 255, [0, 20, 0, 23, 2, 0, 100], 
65535, 0, 7, 0, 255, [0, 20, 0, 16, 2, 0, 100], 
65535, 0, 7, 0, 255, [0, 20, 0, 22, 2, 0, 25], 
65535, 0, 7, 0, 255, [0, 25, 0, 19, 1, 0, 86], 
65535, 0, 7, 0, 255, [0, 25, 0, 20, 1, 0, 66], 
65535, 0, 7, 0, 255, [0, 25, 0, 24, 1, 0, 89], 
65535, 0, 7, 0, 255, [0, 25, 0, 22, 1, 0, 78], 
65535, 0, 7, 0, 255, [0, 25, 0, 18, 1, 0, 67], 
65535, 0, 7, 0, 255, [0, 25, 0, 17, 1, 0, 11], 
65535, 0, 7, 0, 255, [0, 25, 0, 23, 1, 0, 92], 
65535, 0, 7, 0, 255, [0, 25, 0, 16, 1, 0, 24], 
65535, 0, 7, 0, 255, [0, 25, 0, 24, 2, 0, 96], 
65535, 0, 7, 0, 255, [0, 25, 0, 18, 2, 0, 93], 
65535, 0, 7, 0, 255, [0, 25, 0, 20, 2, 0, 99], 
65535, 0, 7, 0, 255, [0, 25, 0, 22, 2, 0, 96], 
65535, 0, 7, 0, 255, [0, 25, 0, 17, 2, 0, 96], 
65535, 0, 7, 0, 255, [0, 25, 0, 19, 2, 0, 97], 
65535, 0, 7, 0, 255, [0, 25, 0, 23, 2, 0, 100], 
65535, 0, 7, 0, 255, [0, 25, 0, 16, 2, 0, 98], 
65535, 0, 7, 0, 255, [0, 4, 0, 3, 1, 0, 93], 
65535, 0, 7, 0, 255, [0, 4, 0, 32, 1, 0, 64], 
65535, 0, 7, 0, 255, [0, 4, 0, 5, 1, 0, 96], 
65535, 0, 7, 0, 255, [0, 4, 0, 8, 1, 0, 58], 
65535, 0, 7, 0, 255, [0, 4, 0, 6, 1, 0, 96], 
65535, 0, 7, 0, 255, [0, 4, 0, 7, 1, 0, 73], 
65535, 0, 7, 0, 255, [0, 4, 0, 10, 1, 0, 84], 
65535, 0, 7, 0, 255, [0, 4, 0, 1, 1, 0, 79], 
65535, 0, 7, 0, 255, [0, 4, 0, 2, 1, 0, 98], 
65535, 0, 7, 0, 255, [0, 4, 0, 27, 1, 0, 60], 
65535, 0, 7, 0, 255, [0, 4, 0, 33, 1, 0, 1], 
65535, 0, 7, 0, 255, [0, 4, 0, 29, 1, 0, 85], 
65535, 0, 7, 0, 255, [0, 4, 0, 26, 1, 0, 63], 
65535, 0, 7, 0, 255, [0, 4, 0, 31, 1, 0, 25], 
65535, 0, 7, 0, 255, [0, 4, 0, 35, 1, 0, 11], 
65535, 0, 7, 0, 255, [0, 4, 0, 34, 1, 0, 2], 
65535, 0, 7, 0, 255, [0, 4, 0, 8, 2, 0, 1], 
65535, 0, 7, 0, 255, [0, 4, 0, 35, 2, 0, 92], 
65535, 0, 7, 0, 255, [0, 4, 0, 32, 2, 0, 100], 
65535, 0, 7, 0, 255, [0, 4, 0, 3, 2, 0, 94], 
65535, 0, 7, 0, 255, [0, 4, 0, 5, 2, 0, 98], 
65535, 0, 7, 0, 255, [0, 4, 0, 6, 2, 0, 100], 
65535, 0, 7, 0, 255, [0, 4, 0, 7, 2, 0, 97], 
65535, 0, 7, 0, 255, [0, 4, 0, 31, 2, 0, 85], 
65535, 0, 7, 0, 255, [0, 4, 0, 33, 2, 0, 17], 
65535, 0, 7, 0, 255, [0, 4, 0, 10, 2, 0, 89], 
65535, 0, 7, 0, 255, [0, 4, 0, 1, 2, 0, 98], 
65535, 0, 7, 0, 255, [0, 4, 0, 2, 2, 0, 100], 
65535, 0, 7, 0, 255, [0, 4, 0, 34, 2, 0, 13], 
65535, 0, 7, 0, 255, [0, 4, 0, 29, 2, 0, 58], 
65535, 0, 7, 0, 255, [0, 4, 0, 26, 2, 0, 98], 
65535, 0, 7, 0, 255, [0, 6, 0, 5, 1, 0, 60], 
65535, 0, 7, 0, 255, [0, 6, 0, 35, 1, 0, 78], 
65535, 0, 7, 0, 255, [0, 6, 0, 33, 1, 0, 90], 
65535, 0, 7, 0, 255, [0, 6, 0, 4, 1, 0, 85], 
65535, 0, 7, 0, 255, [0, 6, 0, 32, 1, 0, 86], 
65535, 0, 7, 0, 255, [0, 6, 0, 8, 1, 0, 84], 
65535, 0, 7, 0, 255, [0, 6, 0, 7, 1, 0, 97], 
65535, 0, 7, 0, 255, [0, 6, 0, 31, 1, 0, 77], 
65535, 0, 7, 0, 255, [0, 6, 0, 10, 1, 0, 92], 
65535, 0, 7, 0, 255, [0, 6, 0, 3, 1, 0, 25], 
65535, 0, 7, 0, 255, [0, 6, 0, 34, 1, 0, 80], 
65535, 0, 7, 0, 255, [0, 6, 0, 2, 1, 0, 60], 
65535, 0, 7, 0, 255, [0, 6, 0, 29, 1, 0, 67], 
65535, 0, 7, 0, 255, [0, 6, 0, 3, 2, 0, 91], 
65535, 0, 7, 0, 255, [0, 6, 0, 4, 2, 0, 95], 
65535, 0, 7, 0, 255, [0, 6, 0, 8, 2, 0, 87], 
65535, 0, 7, 0, 255, [0, 6, 0, 35, 2, 0, 98], 
65535, 0, 7, 0, 255, [0, 6, 0, 33, 2, 0, 97], 
65535, 0, 7, 0, 255, [0, 6, 0, 5, 2, 0, 93], 
65535, 0, 7, 0, 255, [0, 6, 0, 32, 2, 0, 98], 
65535, 0, 7, 0, 255, [0, 6, 0, 9, 2, 0, 82], 
65535, 0, 7, 0, 255, [0, 6, 0, 7, 2, 0, 98], 
65535, 0, 7, 0, 255, [0, 6, 0, 31, 2, 0, 98], 
65535, 0, 7, 0, 255, [0, 6, 0, 10, 2, 0, 97], 
65535, 0, 7, 0, 255, [0, 6, 0, 1, 2, 0, 96], 
65535, 0, 7, 0, 255, [0, 6, 0, 34, 2, 0, 98], 
65535, 0, 7, 0, 255, [0, 6, 0, 2, 2, 0, 98], 
65535, 0, 7, 0, 255, [0, 6, 0, 27, 2, 0, 91], 
65535, 0, 7, 0, 255, [0, 6, 0, 29, 2, 0, 96], 
65535, 0, 7, 0, 255, [0, 6, 0, 26, 2, 0, 94], 
65535, 0, 7, 0, 255, [0, 31, 0, 32, 1, 0, 89], 
65535, 0, 7, 0, 255, [0, 31, 0, 8, 1, 0, 90], 
65535, 0, 7, 0, 255, [0, 31, 0, 7, 1, 0, 98], 
65535, 0, 7, 0, 255, [0, 31, 0, 35, 1, 0, 94], 
65535, 0, 7, 0, 255, [0, 31, 0, 33, 1, 0, 95], 
65535, 0, 7, 0, 255, [0, 31, 0, 6, 1, 0, 87], 
65535, 0, 7, 0, 255, [0, 31, 0, 10, 1, 0, 95], 
65535, 0, 7, 0, 255, [0, 31, 0, 34, 1, 0, 98], 
65535, 0, 7, 0, 255, [0, 31, 0, 3, 1, 0, 37], 
65535, 0, 7, 0, 255, [0, 31, 0, 27, 1, 0, 43], 
65535, 0, 7, 0, 255, [0, 31, 0, 4, 1, 0, 18], 
65535, 0, 7, 0, 255, [0, 31, 0, 29, 1, 0, 13], 
65535, 0, 7, 0, 255, [0, 31, 0, 32, 2, 0, 96], 
65535, 0, 7, 0, 255, [0, 31, 0, 7, 2, 0, 98], 
65535, 0, 7, 0, 255, [0, 31, 0, 6, 2, 0, 99], 
65535, 0, 7, 0, 255, [0, 31, 0, 3, 2, 0, 34], 
65535, 0, 7, 0, 255, [0, 31, 0, 4, 2, 0, 89], 
65535, 0, 7, 0, 255, [0, 31, 0, 35, 2, 0, 96], 
65535, 0, 7, 0, 255, [0, 31, 0, 8, 2, 0, 91], 
65535, 0, 7, 0, 255, [0, 31, 0, 33, 2, 0, 97], 
65535, 0, 7, 0, 255, [0, 31, 0, 5, 2, 0, 92], 
65535, 0, 7, 0, 255, [0, 31, 0, 10, 2, 0, 97], 
65535, 0, 7, 0, 255, [0, 31, 0, 34, 2, 0, 98], 
65535, 0, 7, 0, 255, [0, 31, 0, 2, 2, 0, 95], 
65535, 0, 7, 0, 255, [0, 31, 0, 29, 2, 0, 93], 
65535, 0, 7, 0, 255, [0, 31, 0, 9, 2, 0, 3], 
65535, 0, 7, 0, 255, [0, 18, 0, 22, 1, 0, 57], 
65535, 0, 7, 0, 255, [0, 18, 0, 24, 1, 0, 54], 
65535, 0, 7, 0, 255, [0, 18, 0, 19, 1, 0, 100], 
65535, 0, 7, 0, 255, [0, 18, 0, 20, 1, 0, 96], 
65535, 0, 7, 0, 255, [0, 18, 0, 17, 1, 0, 83], 
65535, 0, 7, 0, 255, [0, 18, 0, 25, 1, 0, 67], 
65535, 0, 7, 0, 255, [0, 18, 0, 23, 1, 0, 79], 
65535, 0, 7, 0, 255, [0, 18, 0, 16, 1, 0, 64], 
65535, 0, 7, 0, 255, [0, 18, 0, 22, 2, 0, 97], 
65535, 0, 7, 0, 255, [0, 18, 0, 19, 2, 0, 99], 
65535, 0, 7, 0, 255, [0, 18, 0, 24, 2, 0, 97], 
65535, 0, 7, 0, 255, [0, 18, 0, 20, 2, 0, 100], 
65535, 0, 7, 0, 255, [0, 18, 0, 17, 2, 0, 100], 
65535, 0, 7, 0, 255, [0, 18, 0, 25, 2, 0, 100], 
65535, 0, 7, 0, 255, [0, 18, 0, 23, 2, 0, 100], 
65535, 0, 7, 0, 255, [0, 18, 0, 16, 2, 0, 100], 
65535, 0, 7, 0, 255, [0, 34, 0, 35, 1, 0, 93], 
65535, 0, 7, 0, 255, [0, 34, 0, 10, 1, 0, 91], 
65535, 0, 7, 0, 255, [0, 34, 0, 6, 1, 0, 91], 
65535, 0, 7, 0, 255, [0, 34, 0, 31, 1, 0, 97], 
65535, 0, 7, 0, 255, [0, 34, 0, 32, 1, 0, 94], 
65535, 0, 7, 0, 255, [0, 34, 0, 33, 1, 0, 95], 
65535, 0, 7, 0, 255, [0, 34, 0, 8, 1, 0, 87], 
65535, 0, 7, 0, 255, [0, 34, 0, 7, 1, 0, 96], 
65535, 0, 7, 0, 255, [0, 34, 0, 29, 1, 0, 90], 
65535, 0, 7, 0, 255, [0, 34, 0, 27, 1, 0, 2], 
65535, 0, 7, 0, 255, [0, 34, 0, 4, 1, 0, 2], 
65535, 0, 7, 0, 255, [0, 34, 0, 3, 2, 0, 84], 
65535, 0, 7, 0, 255, [0, 34, 0, 4, 2, 0, 93], 
65535, 0, 7, 0, 255, [0, 34, 0, 10, 2, 0, 94], 
65535, 0, 7, 0, 255, [0, 34, 0, 8, 2, 0, 88], 
65535, 0, 7, 0, 255, [0, 34, 0, 35, 2, 0, 93], 
65535, 0, 7, 0, 255, [0, 34, 0, 31, 2, 0, 97], 
65535, 0, 7, 0, 255, [0, 34, 0, 33, 2, 0, 94], 
65535, 0, 7, 0, 255, [0, 34, 0, 6, 2, 0, 96], 
65535, 0, 7, 0, 255, [0, 34, 0, 32, 2, 0, 94], 
65535, 0, 7, 0, 255, [0, 34, 0, 7, 2, 0, 97], 
65535, 0, 7, 0, 255, [0, 34, 0, 5, 2, 0, 3], 
65535, 0, 7, 0, 255, [0, 34, 0, 29, 2, 0, 97], 
65535, 0, 7, 0, 255, [0, 34, 0, 2, 2, 0, 20], 
65535, 0, 7, 0, 255, [0, 22, 0, 24, 1, 0, 94], 
65535, 0, 7, 0, 255, [0, 22, 0, 19, 1, 0, 95], 
65535, 0, 7, 0, 255, [0, 22, 0, 20, 1, 0, 43], 
65535, 0, 7, 0, 255, [0, 22, 0, 18, 1, 0, 80], 
65535, 0, 7, 0, 255, [0, 22, 0, 17, 1, 0, 63], 
65535, 0, 7, 0, 255, [0, 22, 0, 25, 1, 0, 94], 
65535, 0, 7, 0, 255, [0, 22, 0, 23, 1, 0, 100], 
65535, 0, 7, 0, 255, [0, 22, 0, 16, 1, 0, 8], 
65535, 0, 7, 0, 255, [0, 22, 0, 24, 2, 0, 100], 
65535, 0, 7, 0, 255, [0, 22, 0, 19, 2, 0, 98], 
65535, 0, 7, 0, 255, [0, 22, 0, 18, 2, 0, 97], 
65535, 0, 7, 0, 255, [0, 22, 0, 17, 2, 0, 98], 
65535, 0, 7, 0, 255, [0, 22, 0, 25, 2, 0, 100], 
65535, 0, 7, 0, 255, [0, 22, 0, 20, 2, 0, 78], 
65535, 0, 7, 0, 255, [0, 22, 0, 23, 2, 0, 100], 
65535, 0, 7, 0, 255, [0, 22, 0, 16, 2, 0, 98], 
65535, 0, 7, 0, 255, [0, 26, 0, 4, 1, 0, 53], 
65535, 0, 7, 0, 255, [0, 26, 0, 2, 1, 0, 72], 
65535, 0, 7, 0, 255, [0, 26, 0, 32, 1, 0, 53], 
65535, 0, 7, 0, 255, [0, 26, 0, 33, 1, 0, 51], 
65535, 0, 7, 0, 255, [0, 26, 0, 29, 1, 0, 91], 
65535, 0, 7, 0, 255, [0, 26, 0, 27, 1, 0, 89], 
65535, 0, 7, 0, 255, [0, 26, 0, 3, 1, 0, 61], 
65535, 0, 7, 0, 255, [0, 26, 0, 1, 1, 0, 76], 
65535, 0, 7, 0, 255, [0, 26, 0, 5, 1, 0, 19], 
65535, 0, 7, 0, 255, [0, 26, 0, 3, 2, 0, 69], 
65535, 0, 7, 0, 255, [0, 26, 0, 4, 2, 0, 72], 
65535, 0, 7, 0, 255, [0, 26, 0, 5, 2, 0, 74], 
65535, 0, 7, 0, 255, [0, 26, 0, 29, 2, 0, 97], 
65535, 0, 7, 0, 255, [0, 26, 0, 2, 2, 0, 76], 
65535, 0, 7, 0, 255, [0, 26, 0, 7, 2, 0, 1], 
65535, 0, 7, 0, 255, [0, 26, 0, 6, 2, 0, 55], 
65535, 0, 7, 0, 255, [0, 26, 0, 1, 2, 0, 78], 
65535, 0, 7, 0, 255, [0, 26, 0, 27, 2, 0, 87], 
65535, 0, 7, 0, 255, [0, 2, 0, 6, 1, 0, 57], 
65535, 0, 7, 0, 255, [0, 2, 0, 5, 1, 0, 89], 
65535, 0, 7, 0, 255, [0, 2, 0, 4, 1, 0, 92], 
65535, 0, 7, 0, 255, [0, 2, 0, 8, 1, 0, 22], 
65535, 0, 7, 0, 255, [0, 2, 0, 7, 1, 0, 57], 
65535, 0, 7, 0, 255, [0, 2, 0, 1, 1, 0, 97], 
65535, 0, 7, 0, 255, [0, 2, 0, 3, 1, 0, 81], 
65535, 0, 7, 0, 255, [0, 2, 0, 32, 1, 0, 45], 
65535, 0, 7, 0, 255, [0, 2, 0, 27, 1, 0, 88], 
65535, 0, 7, 0, 255, [0, 2, 0, 10, 1, 0, 3], 
65535, 0, 7, 0, 255, [0, 2, 0, 29, 1, 0, 76], 
65535, 0, 7, 0, 255, [0, 2, 0, 26, 1, 0, 93], 
65535, 0, 7, 0, 255, [0, 2, 0, 4, 2, 0, 93], 
65535, 0, 7, 0, 255, [0, 2, 0, 10, 2, 0, 96], 
65535, 0, 7, 0, 255, [0, 2, 0, 35, 2, 0, 64], 
65535, 0, 7, 0, 255, [0, 2, 0, 31, 2, 0, 96], 
65535, 0, 7, 0, 255, [0, 2, 0, 5, 2, 0, 93], 
65535, 0, 7, 0, 255, [0, 2, 0, 33, 2, 0, 89], 
65535, 0, 7, 0, 255, [0, 2, 0, 6, 2, 0, 96], 
65535, 0, 7, 0, 255, [0, 2, 0, 7, 2, 0, 83], 
65535, 0, 7, 0, 255, [0, 2, 0, 1, 2, 0, 97], 
65535, 0, 7, 0, 255, [0, 2, 0, 3, 2, 0, 87], 
65535, 0, 7, 0, 255, [0, 2, 0, 32, 2, 0, 48], 
65535, 0, 7, 0, 255, [0, 2, 0, 8, 2, 0, 7], 
65535, 0, 7, 0, 255, [0, 2, 0, 27, 2, 0, 78], 
65535, 0, 7, 0, 255, [0, 2, 0, 29, 2, 0, 98], 
65535, 0, 7, 0, 255, [0, 2, 0, 26, 2, 0, 93], 
65535, 0, 7, 0, 255, [0, 2, 0, 34, 2, 0, 17], 
65535, 0, 7, 0, 255, [0, 9, 0, 32, 1, 0, 27], 
65535, 0, 7, 0, 255, [0, 9, 0, 6, 1, 0, 1], 
65535, 0, 7, 0, 255, [0, 9, 0, 8, 1, 0, 90], 
65535, 0, 7, 0, 255, [0, 9, 0, 7, 1, 0, 100], 
65535, 0, 7, 0, 255, [0, 9, 0, 10, 1, 0, 100], 
65535, 0, 7, 0, 255, [0, 9, 0, 8, 2, 0, 90], 
65535, 0, 7, 0, 255, [0, 9, 0, 35, 2, 0, 94], 
65535, 0, 7, 0, 255, [0, 9, 0, 33, 2, 0, 99], 
65535, 0, 7, 0, 255, [0, 9, 0, 6, 2, 0, 100], 
65535, 0, 7, 0, 255, [0, 9, 0, 7, 2, 0, 19], 
65535, 0, 7, 0, 255, [0, 9, 0, 31, 2, 0, 99], 
65535, 0, 7, 0, 255, [0, 9, 0, 10, 2, 0, 97], 
65535, 0, 7, 0, 255, [0, 9, 0, 32, 2, 0, 1], 
65535, 0, 7, 0, 255, [0, 24, 0, 22, 1, 0, 68], 
65535, 0, 7, 0, 255, [0, 24, 0, 20, 1, 0, 49], 
65535, 0, 7, 0, 255, [0, 24, 0, 18, 1, 0, 56], 
65535, 0, 7, 0, 255, [0, 24, 0, 19, 1, 0, 58], 
65535, 0, 7, 0, 255, [0, 24, 0, 17, 1, 0, 64], 
65535, 0, 7, 0, 255, [0, 24, 0, 25, 1, 0, 94], 
65535, 0, 7, 0, 255, [0, 24, 0, 23, 1, 0, 100], 
65535, 0, 7, 0, 255, [0, 24, 0, 16, 1, 0, 43], 
65535, 0, 7, 0, 255, [0, 24, 0, 22, 2, 0, 100], 
65535, 0, 7, 0, 255, [0, 24, 0, 19, 2, 0, 97], 
65535, 0, 7, 0, 255, [0, 24, 0, 20, 2, 0, 99], 
65535, 0, 7, 0, 255, [0, 24, 0, 18, 2, 0, 97], 
65535, 0, 7, 0, 255, [0, 24, 0, 17, 2, 0, 100], 
65535, 0, 7, 0, 255, [0, 24, 0, 25, 2, 0, 100], 
65535, 0, 7, 0, 255, [0, 24, 0, 23, 2, 0, 100], 
65535, 0, 7, 0, 255, [0, 24, 0, 16, 2, 0, 98], 
65535, 0, 7, 0, 255, [0, 17, 0, 24, 1, 0, 56], 
65535, 0, 7, 0, 255, [0, 17, 0, 19, 1, 0, 99], 
65535, 0, 7, 0, 255, [0, 17, 0, 20, 1, 0, 99], 
65535, 0, 7, 0, 255, [0, 17, 0, 18, 1, 0, 99], 
65535, 0, 7, 0, 255, [0, 17, 0, 23, 1, 0, 65], 
65535, 0, 7, 0, 255, [0, 17, 0, 22, 1, 0, 53], 
65535, 0, 7, 0, 255, [0, 17, 0, 16, 1, 0, 100], 
65535, 0, 7, 0, 255, [0, 17, 0, 25, 1, 0, 5], 
65535, 0, 7, 0, 255, [0, 17, 0, 19, 2, 0, 97], 
65535, 0, 7, 0, 255, [0, 17, 0, 24, 2, 0, 95], 
65535, 0, 7, 0, 255, [0, 17, 0, 18, 2, 0, 99], 
65535, 0, 7, 0, 255, [0, 17, 0, 20, 2, 0, 98], 
65535, 0, 7, 0, 255, [0, 17, 0, 22, 2, 0, 95], 
65535, 0, 7, 0, 255, [0, 17, 0, 25, 2, 0, 100], 
65535, 0, 7, 0, 255, [0, 17, 0, 23, 2, 0, 100], 
65535, 0, 7, 0, 255, [0, 17, 0, 16, 2, 0, 100], 
65535, 0, 7, 0, 255, [0, 8, 0, 35, 1, 0, 95], 
65535, 0, 7, 0, 255, [0, 8, 0, 32, 1, 0, 97], 
65535, 0, 7, 0, 255, [0, 8, 0, 33, 1, 0, 98], 
65535, 0, 7, 0, 255, [0, 8, 0, 6, 1, 0, 94], 
65535, 0, 7, 0, 255, [0, 8, 0, 7, 1, 0, 100], 
65535, 0, 7, 0, 255, [0, 8, 0, 31, 1, 0, 96], 
65535, 0, 7, 0, 255, [0, 8, 0, 10, 1, 0, 97], 
65535, 0, 7, 0, 255, [0, 8, 0, 34, 1, 0, 94], 
65535, 0, 7, 0, 255, [0, 8, 0, 5, 1, 0, 5], 
65535, 0, 7, 0, 255, [0, 8, 0, 4, 1, 0, 3], 
65535, 0, 7, 0, 255, [0, 8, 0, 29, 1, 0, 3], 
65535, 0, 7, 0, 255, [0, 8, 0, 1, 1, 0, 1], 
65535, 0, 7, 0, 255, [0, 8, 0, 3, 1, 0, 1], 
65535, 0, 7, 0, 255, [0, 8, 0, 2, 1, 0, 1], 
65535, 0, 7, 0, 255, [0, 8, 0, 3, 2, 0, 93], 
65535, 0, 7, 0, 255, [0, 8, 0, 35, 2, 0, 99], 
65535, 0, 7, 0, 255, [0, 8, 0, 32, 2, 0, 96], 
65535, 0, 7, 0, 255, [0, 8, 0, 33, 2, 0, 97], 
65535, 0, 7, 0, 255, [0, 8, 0, 5, 2, 0, 95], 
65535, 0, 7, 0, 255, [0, 8, 0, 9, 2, 0, 44], 
65535, 0, 7, 0, 255, [0, 8, 0, 6, 2, 0, 99], 
65535, 0, 7, 0, 255, [0, 8, 0, 7, 2, 0, 98], 
65535, 0, 7, 0, 255, [0, 8, 0, 4, 2, 0, 22], 
65535, 0, 7, 0, 255, [0, 8, 0, 31, 2, 0, 99], 
65535, 0, 7, 0, 255, [0, 8, 0, 10, 2, 0, 89], 
65535, 0, 7, 0, 255, [0, 8, 0, 34, 2, 0, 97], 
65535, 0, 7, 0, 255, [0, 8, 0, 16, 2, 0, 65], 
65535, 0, 7, 0, 255, [0, 8, 0, 1, 2, 0, 24], 
65535, 0, 7, 0, 255, [0, 8, 0, 2, 2, 0, 14], 
65535, 0, 7, 0, 255, [0, 3, 0, 32, 1, 0, 47], 
65535, 0, 7, 0, 255, [0, 3, 0, 5, 1, 0, 95], 
65535, 0, 7, 0, 255, [0, 3, 0, 4, 1, 0, 100], 
65535, 0, 7, 0, 255, [0, 3, 0, 33, 1, 0, 20], 
65535, 0, 7, 0, 255, [0, 3, 0, 6, 1, 0, 50], 
65535, 0, 7, 0, 255, [0, 3, 0, 7, 1, 0, 64], 
65535, 0, 7, 0, 255, [0, 3, 0, 31, 1, 0, 46], 
65535, 0, 7, 0, 255, [0, 3, 0, 10, 1, 0, 88], 
65535, 0, 7, 0, 255, [0, 3, 0, 1, 1, 0, 98], 
65535, 0, 7, 0, 255, [0, 3, 0, 2, 1, 0, 97], 
65535, 0, 7, 0, 255, [0, 3, 0, 8, 1, 0, 18], 
65535, 0, 7, 0, 255, [0, 3, 0, 27, 1, 0, 79], 
65535, 0, 7, 0, 255, [0, 3, 0, 29, 1, 0, 57], 
65535, 0, 7, 0, 255, [0, 3, 0, 26, 1, 0, 96], 
65535, 0, 7, 0, 255, [0, 3, 0, 8, 2, 0, 57], 
65535, 0, 7, 0, 255, [0, 3, 0, 35, 2, 0, 50], 
65535, 0, 7, 0, 255, [0, 3, 0, 4, 2, 0, 98], 
65535, 0, 7, 0, 255, [0, 3, 0, 5, 2, 0, 98], 
65535, 0, 7, 0, 255, [0, 3, 0, 6, 2, 0, 99], 
65535, 0, 7, 0, 255, [0, 3, 0, 7, 2, 0, 99], 
65535, 0, 7, 0, 255, [0, 3, 0, 31, 2, 0, 29], 
65535, 0, 7, 0, 255, [0, 3, 0, 1, 2, 0, 98], 
65535, 0, 7, 0, 255, [0, 3, 0, 34, 2, 0, 45], 
65535, 0, 7, 0, 255, [0, 3, 0, 2, 2, 0, 100], 
65535, 0, 7, 0, 255, [0, 3, 0, 10, 2, 0, 29], 
65535, 0, 7, 0, 255, [0, 3, 0, 32, 2, 0, 7], 
65535, 0, 7, 0, 255, [0, 3, 0, 27, 2, 0, 93], 
65535, 0, 7, 0, 255, [0, 3, 0, 29, 2, 0, 98], 
65535, 0, 7, 0, 255, [0, 3, 0, 26, 2, 0, 98], 
65535, 0, 7, 0, 255, [0, 10, 0, 35, 1, 0, 90], 
65535, 0, 7, 0, 255, [0, 10, 0, 33, 1, 0, 94], 
65535, 0, 7, 0, 255, [0, 10, 0, 3, 1, 0, 76], 
65535, 0, 7, 0, 255, [0, 10, 0, 31, 1, 0, 90], 
65535, 0, 7, 0, 255, [0, 10, 0, 32, 1, 0, 96], 
65535, 0, 7, 0, 255, [0, 10, 0, 6, 1, 0, 97], 
65535, 0, 7, 0, 255, [0, 10, 0, 4, 1, 0, 92], 
65535, 0, 7, 0, 255, [0, 10, 0, 8, 1, 0, 91], 
65535, 0, 7, 0, 255, [0, 10, 0, 7, 1, 0, 98], 
65535, 0, 7, 0, 255, [0, 10, 0, 9, 1, 0, 86], 
65535, 0, 7, 0, 255, [0, 10, 0, 5, 1, 0, 78], 
65535, 0, 7, 0, 255, [0, 10, 0, 34, 1, 0, 82], 
65535, 0, 7, 0, 255, [0, 10, 0, 1, 1, 0, 51], 
65535, 0, 7, 0, 255, [0, 10, 0, 29, 1, 0, 30], 
65535, 0, 7, 0, 255, [0, 10, 0, 31, 2, 0, 99], 
65535, 0, 7, 0, 255, [0, 10, 0, 33, 2, 0, 95], 
65535, 0, 7, 0, 255, [0, 10, 0, 5, 2, 0, 92], 
65535, 0, 7, 0, 255, [0, 10, 0, 9, 2, 0, 91], 
65535, 0, 7, 0, 255, [0, 10, 0, 7, 2, 0, 97], 
65535, 0, 7, 0, 255, [0, 10, 0, 32, 2, 0, 96], 
65535, 0, 7, 0, 255, [0, 10, 0, 6, 2, 0, 98], 
65535, 0, 7, 0, 255, [0, 10, 0, 4, 2, 0, 90], 
65535, 0, 7, 0, 255, [0, 10, 0, 35, 2, 0, 95], 
65535, 0, 7, 0, 255, [0, 10, 0, 8, 2, 0, 48], 
65535, 0, 7, 0, 255, [0, 10, 0, 1, 2, 0, 75], 
65535, 0, 7, 0, 255, [0, 10, 0, 34, 2, 0, 97], 
65535, 0, 7, 0, 255, [0, 10, 0, 2, 2, 0, 68], 
65535, 0, 7, 0, 255, [0, 10, 0, 3, 2, 0, 14], 
65535, 0, 7, 0, 255, [0, 10, 0, 27, 2, 0, 6], 
65535, 0, 7, 0, 255, [0, 27, 0, 33, 1, 0, 58], 
65535, 0, 7, 0, 255, [0, 27, 0, 5, 1, 0, 68], 
65535, 0, 7, 0, 255, [0, 27, 0, 31, 1, 0, 47], 
65535, 0, 7, 0, 255, [0, 27, 0, 1, 1, 0, 82], 
65535, 0, 7, 0, 255, [0, 27, 0, 2, 1, 0, 77], 
65535, 0, 7, 0, 255, [0, 27, 0, 3, 1, 0, 65], 
65535, 0, 7, 0, 255, [0, 27, 0, 32, 1, 0, 59], 
65535, 0, 7, 0, 255, [0, 27, 0, 7, 1, 0, 1], 
65535, 0, 7, 0, 255, [0, 27, 0, 4, 1, 0, 58], 
65535, 0, 7, 0, 255, [0, 27, 0, 29, 1, 0, 100], 
65535, 0, 7, 0, 255, [0, 27, 0, 26, 1, 0, 96], 
65535, 0, 7, 0, 255, [0, 27, 0, 34, 1, 0, 3], 
65535, 0, 7, 0, 255, [0, 27, 0, 5, 2, 0, 77], 
65535, 0, 7, 0, 255, [0, 27, 0, 2, 2, 0, 82], 
65535, 0, 7, 0, 255, [0, 27, 0, 33, 2, 0, 80], 
65535, 0, 7, 0, 255, [0, 27, 0, 6, 2, 0, 86], 
65535, 0, 7, 0, 255, [0, 27, 0, 1, 2, 0, 88], 
65535, 0, 7, 0, 255, [0, 27, 0, 7, 2, 0, 7], 
65535, 0, 7, 0, 255, [0, 27, 0, 32, 2, 0, 84], 
65535, 0, 7, 0, 255, [0, 27, 0, 10, 2, 0, 76], 
65535, 0, 7, 0, 255, [0, 27, 0, 3, 2, 0, 78], 
65535, 0, 7, 0, 255, [0, 27, 0, 29, 2, 0, 100], 
65535, 0, 7, 0, 255, [0, 27, 0, 26, 2, 0, 98], 
65535, 0, 7, 0, 255, [0, 27, 0, 4, 2, 0, 1], 
65535, 0, 7, 0, 255, [0, 27, 0, 35, 2, 0, 1], 
65535, 0, 7, 0, 255, [0, 29, 0, 4, 1, 0, 73], 
65535, 0, 7, 0, 255, [0, 29, 0, 33, 1, 0, 76], 
65535, 0, 7, 0, 255, [0, 29, 0, 35, 1, 0, 46], 
65535, 0, 7, 0, 255, [0, 29, 0, 5, 1, 0, 65], 
65535, 0, 7, 0, 255, [0, 29, 0, 32, 1, 0, 69], 
65535, 0, 7, 0, 255, [0, 29, 0, 8, 1, 0, 53], 
65535, 0, 7, 0, 255, [0, 29, 0, 1, 1, 0, 75], 
65535, 0, 7, 0, 255, [0, 29, 0, 7, 1, 0, 69], 
65535, 0, 7, 0, 255, [0, 29, 0, 6, 1, 0, 66], 
65535, 0, 7, 0, 255, [0, 29, 0, 27, 1, 0, 90], 
65535, 0, 7, 0, 255, [0, 29, 0, 2, 1, 0, 75], 
65535, 0, 7, 0, 255, [0, 29, 0, 10, 1, 0, 62], 
65535, 0, 7, 0, 255, [0, 29, 0, 31, 1, 0, 25], 
65535, 0, 7, 0, 255, [0, 29, 0, 34, 1, 0, 63], 
65535, 0, 7, 0, 255, [0, 29, 0, 3, 1, 0, 52], 
65535, 0, 7, 0, 255, [0, 29, 0, 26, 1, 0, 90], 
65535, 0, 7, 0, 255, [0, 29, 0, 10, 2, 0, 20], 
65535, 0, 7, 0, 255, [0, 29, 0, 3, 2, 0, 71], 
65535, 0, 7, 0, 255, [0, 29, 0, 27, 2, 0, 89], 
65535, 0, 7, 0, 255, [0, 29, 0, 4, 2, 0, 75], 
65535, 0, 7, 0, 255, [0, 29, 0, 5, 2, 0, 76], 
65535, 0, 7, 0, 255, [0, 29, 0, 31, 2, 0, 80], 
65535, 0, 7, 0, 255, [0, 29, 0, 7, 2, 0, 80], 
65535, 0, 7, 0, 255, [0, 29, 0, 35, 2, 0, 74], 
65535, 0, 7, 0, 255, [0, 29, 0, 2, 2, 0, 84], 
65535, 0, 7, 0, 255, [0, 29, 0, 33, 2, 0, 73], 
65535, 0, 7, 0, 255, [0, 29, 0, 1, 2, 0, 81], 
65535, 0, 7, 0, 255, [0, 29, 0, 6, 2, 0, 79], 
65535, 0, 7, 0, 255, [0, 29, 0, 32, 2, 0, 77], 
65535, 0, 7, 0, 255, [0, 29, 0, 34, 2, 0, 79], 
65535, 0, 7, 0, 255, [0, 29, 0, 26, 2, 0, 98], 
65535, 0, 7, 0, 255, [0, 7, 0, 8, 1, 0, 93], 
65535, 0, 7, 0, 255, [0, 7, 0, 35, 1, 0, 91], 
65535, 0, 7, 0, 255, [0, 7, 0, 33, 1, 0, 96], 
65535, 0, 7, 0, 255, [0, 7, 0, 6, 1, 0, 97], 
65535, 0, 7, 0, 255, [0, 7, 0, 32, 1, 0, 95], 
65535, 0, 7, 0, 255, [0, 7, 0, 9, 1, 0, 45], 
65535, 0, 7, 0, 255, [0, 7, 0, 31, 1, 0, 98], 
65535, 0, 7, 0, 255, [0, 7, 0, 10, 1, 0, 96], 
65535, 0, 7, 0, 255, [0, 7, 0, 5, 1, 0, 28], 
65535, 0, 7, 0, 255, [0, 7, 0, 4, 1, 0, 81], 
65535, 0, 7, 0, 255, [0, 7, 0, 1, 1, 0, 39], 
65535, 0, 7, 0, 255, [0, 7, 0, 34, 1, 0, 94], 
65535, 0, 7, 0, 255, [0, 7, 0, 2, 1, 0, 28], 
65535, 0, 7, 0, 255, [0, 7, 0, 3, 1, 0, 32], 
65535, 0, 7, 0, 255, [0, 7, 0, 29, 1, 0, 85], 
65535, 0, 7, 0, 255, [0, 7, 0, 6, 2, 0, 100], 
65535, 0, 7, 0, 255, [0, 7, 0, 3, 2, 0, 89], 
65535, 0, 7, 0, 255, [0, 7, 0, 4, 2, 0, 95], 
65535, 0, 7, 0, 255, [0, 7, 0, 35, 2, 0, 97], 
65535, 0, 7, 0, 255, [0, 7, 0, 8, 2, 0, 89], 
65535, 0, 7, 0, 255, [0, 7, 0, 33, 2, 0, 96], 
65535, 0, 7, 0, 255, [0, 7, 0, 5, 2, 0, 95], 
65535, 0, 7, 0, 255, [0, 7, 0, 32, 2, 0, 95], 
65535, 0, 7, 0, 255, [0, 7, 0, 9, 2, 0, 1], 
65535, 0, 7, 0, 255, [0, 7, 0, 31, 2, 0, 100], 
65535, 0, 7, 0, 255, [0, 7, 0, 10, 2, 0, 97], 
65535, 0, 7, 0, 255, [0, 7, 0, 1, 2, 0, 4], 
65535, 0, 7, 0, 255, [0, 7, 0, 34, 2, 0, 98], 
65535, 0, 7, 0, 255, [0, 7, 0, 2, 2, 0, 78], 
65535, 0, 7, 0, 255, [0, 7, 0, 27, 2, 0, 3], 
65535, 0, 7, 0, 255, [0, 7, 0, 29, 2, 0, 72], 
65535, 0, 7, 0, 255, [0, 19, 0, 22, 1, 0, 65], 
65535, 0, 7, 0, 255, [0, 19, 0, 24, 1, 0, 52], 
65535, 0, 7, 0, 255, [0, 19, 0, 20, 1, 0, 93], 
65535, 0, 7, 0, 255, [0, 19, 0, 18, 1, 0, 97], 
65535, 0, 7, 0, 255, [0, 19, 0, 17, 1, 0, 93], 
65535, 0, 7, 0, 255, [0, 19, 0, 25, 1, 0, 88], 
65535, 0, 7, 0, 255, [0, 19, 0, 23, 1, 0, 77], 
65535, 0, 7, 0, 255, [0, 19, 0, 16, 1, 0, 65], 
65535, 0, 7, 0, 255, [0, 19, 0, 22, 2, 0, 97], 
65535, 0, 7, 0, 255, [0, 19, 0, 24, 2, 0, 97], 
65535, 0, 7, 0, 255, [0, 19, 0, 20, 2, 0, 100], 
65535, 0, 7, 0, 255, [0, 19, 0, 18, 2, 0, 99], 
65535, 0, 7, 0, 255, [0, 19, 0, 17, 2, 0, 100], 
65535, 0, 7, 0, 255, [0, 19, 0, 25, 2, 0, 100], 
65535, 0, 7, 0, 255, [0, 19, 0, 23, 2, 0, 100], 
65535, 0, 7, 0, 255, [0, 19, 0, 16, 2, 0, 100], 
65535, 0, 7, 0, 255, [0, 23, 0, 19, 1, 0, 81], 
65535, 0, 7, 0, 255, [0, 23, 0, 18, 1, 0, 74], 
65535, 0, 7, 0, 255, [0, 23, 0, 17, 1, 0, 63], 
65535, 0, 7, 0, 255, [0, 23, 0, 24, 1, 0, 94], 
65535, 0, 7, 0, 255, [0, 23, 0, 25, 1, 0, 88], 
65535, 0, 7, 0, 255, [0, 23, 0, 22, 1, 0, 84], 
65535, 0, 7, 0, 255, [0, 23, 0, 20, 1, 0, 56], 
65535, 0, 7, 0, 255, [0, 23, 0, 16, 1, 0, 34], 
65535, 0, 7, 0, 255, [0, 23, 0, 22, 2, 0, 95], 
65535, 0, 7, 0, 255, [0, 23, 0, 17, 2, 0, 99], 
65535, 0, 7, 0, 255, [0, 23, 0, 18, 2, 0, 94], 
65535, 0, 7, 0, 255, [0, 23, 0, 20, 2, 0, 97], 
65535, 0, 7, 0, 255, [0, 23, 0, 25, 2, 0, 99], 
65535, 0, 7, 0, 255, [0, 23, 0, 24, 2, 0, 94], 
65535, 0, 7, 0, 255, [0, 23, 0, 19, 2, 0, 95], 
65535, 0, 7, 0, 255, [0, 23, 0, 16, 2, 0, 99], 
